HMMER3/f [3.1b1 | May 2013]
NAME  1
LENG  202
ALPH  amino
RF    no
MM    no
CONS  yes
CS    no
MAP   yes
DATE  Sat Mar 19 14:58:06 2016
NSEQ  10
EFFN  4.038086
CKSUM 795177773
STATS LOCAL MSV      -10.1928  0.70523
STATS LOCAL VITERBI  -10.7171  0.70523
STATS LOCAL FORWARD   -4.9269  0.70523
HMM          A        C        D        E        F        G        H        I        K        L        M        N        P        Q        R        S        T        V        W        Y   
            m->m     m->i     m->d     i->m     i->i     d->m     d->d
  COMPO   2.46021  4.52098  3.02912  2.56035  3.21022  2.76858  3.73926  3.07766  2.78369  2.59214  3.53268  3.08817  3.32632  2.91930  2.82750  2.57472  2.85913  2.69367  4.18091  3.56911
          2.68746  4.42917  2.77458  2.73225  3.46225  2.40869  3.73187  3.29361  2.68248  2.69823  4.20406  2.90413  2.73605  3.18326  2.89029  2.37525  2.76775  2.99041  4.59169  3.62195
          1.23369  1.14720  0.93838  3.72916  0.02431  0.00000        *
      1   3.01625  4.44184  4.64327  4.08700  3.51524  4.16157  4.57627  1.17771  3.92910  2.34233  1.96978  4.24128  4.53894  4.15122  4.07240  2.62093  3.26955  2.29115  5.17128  3.98825     70 i - - -
          2.68618  4.42225  2.77519  2.73123  3.46354  2.40513  3.72494  3.29354  2.67741  2.69355  4.24690  2.90347  2.73739  3.18146  2.89801  2.37887  2.77519  2.98518  4.58477  3.61503
          0.01396  4.67466  5.39701  0.61958  0.77255  1.07741  0.41624
      2   1.93912  4.53844  3.69531  3.15110  3.61887  3.78101  4.05201  3.04712  3.09828  2.75840  2.39272  2.46792  4.17895  3.40748  3.44108  3.04437  3.06163  2.82226  5.08247  1.97982     71 a - - -
          2.68618  4.42225  2.77519  2.73123  3.46354  2.40513  3.72494  3.29354  2.67741  2.69355  4.24690  2.90347  2.73739  3.18146  2.89801  2.37887  2.77519  2.98518  4.58477  3.61503
          0.01290  4.75292  5.47527  0.61958  0.77255  1.24100  0.34122
      3   2.03277  5.57041  1.22822  2.55758  4.89218  3.61982  2.04719  4.41803  2.96671  3.93617  4.74650  3.12174  4.17117  3.21229  3.50020  3.07172  3.40563  4.00034  6.08433  4.63513     72 d - - -
          2.68618  4.42225  2.77519  2.73123  3.46354  2.40513  3.72494  3.29354  2.67741  2.69355  4.24690  2.90347  2.73739  3.18146  2.89801  2.37887  2.77519  2.98518  4.58477  3.61503
          0.01290  4.75292  5.47527  0.61958  0.77255  0.83038  0.57249
      4   1.95914  4.40490  4.26961  3.69995  3.52906  3.92085  4.30178  2.87033  3.57469  2.60169  2.40093  3.92345  4.33350  3.82536  3.78365  3.22405  2.21079  2.67350  1.72311  3.83822     73 w - - -
          2.68618  4.42225  2.77519  2.73123  3.46354  2.40513  3.72494  3.29354  2.67741  2.69355  4.24690  2.90347  2.73739  3.18146  2.89801  2.37887  2.77519  2.98518  4.58477  3.61503
          0.01129  4.88555  5.60790  0.61958  0.77255  1.08225  0.41375
      5   2.13297  5.34852  3.01768  1.35233  4.85164  2.12148  4.06286  4.32465  2.88924  3.84898  4.62719  3.22145  2.42347  3.19462  3.38742  2.98352  3.28278  3.88093  6.01386  4.61568     74 e - - -
          2.68618  4.42225  2.77519  2.73123  3.46354  2.40513  3.72494  3.29354  2.67741  2.69355  4.24690  2.90347  2.73739  3.18146  2.89801  2.37887  2.77519  2.98518  4.58477  3.61503
          0.01129  4.88555  5.60790  0.61958  0.77255  1.08225  0.41375
      6   2.18871  5.41386  3.12968  1.47051  4.76612  3.68551  3.86875  4.22992  2.54494  3.70792  4.46869  3.15982  4.09278  2.23144  2.05589  2.92077  3.18478  3.81182  5.83235  4.45307     75 e - - -
          2.68618  4.42225  2.77519  2.73123  3.46354  2.40513  3.72494  3.29354  2.67741  2.69355  4.24690  2.90347  2.73739  3.18146  2.89801  2.37887  2.77519  2.98518  4.58477  3.61503
          0.01129  4.88555  5.60790  0.61958  0.77255  0.23814  1.55159
      7   2.98919  4.83866  4.10880  3.61069  4.36258  3.82962  4.57425  3.73295  3.56565  3.43389  1.72135  3.90454  1.66744  3.87308  3.90780  1.75889  2.10715  3.41261  5.77526  4.54759     76 p - - -
          2.68618  4.42225  2.77519  2.73123  3.46354  2.40513  3.72494  3.29354  2.67741  2.69355  4.24690  2.90347  2.73739  3.18146  2.89801  2.37887  2.77519  2.98518  4.58477  3.61503
          0.00851  5.16649  5.88883  0.61958  0.77255  0.48576  0.95510
      8   2.59133  5.46896  2.46348  2.15973  4.81235  2.47732  3.92857  4.29624  2.66958  3.77546  4.51523  3.20069  4.13086  3.02759  1.80420  2.09532  2.74843  3.85981  5.90720  4.49710     77 r - - -
          2.68618  4.42225  2.77519  2.73123  3.46354  2.40513  3.72494  3.29354  2.67741  2.69355  4.24690  2.90347  2.73739  3.18146  2.89801  2.37887  2.77519  2.98518  4.58477  3.61503
          0.00851  5.16649  5.88883  0.61958  0.77255  0.48576  0.95510
      9   3.01255  4.61004  4.11377  3.54436  2.12519  2.68348  4.29208  3.08235  3.47081  1.86366  3.71846  3.87521  2.73364  2.27790  3.75839  3.30679  3.24456  2.87519  5.14310  2.42474     78 l - - -
          2.68618  4.42225  2.77519  2.73123  3.46354  2.40513  3.72494  3.29354  2.67741  2.69355  4.24690  2.90347  2.73739  3.18146  2.89801  2.37887  2.77519  2.98518  4.58477  3.61503
          0.00851  5.16649  5.88883  0.61958  0.77255  0.48576  0.95510
     10   3.52820  6.07148  1.26423  2.81482  5.52246  2.42446  4.44335  5.05780  3.42861  4.52575  5.33774  1.82130  4.50341  3.59539  4.02068  1.56074  3.83198  4.57197  6.66780  5.16295     79 d - - -
          2.68618  4.42225  2.77519  2.73123  3.46354  2.40513  3.72494  3.29354  2.67741  2.69355  4.24690  2.90347  2.73739  3.18146  2.89801  2.37887  2.77519  2.98518  4.58477  3.61503
          0.00851  5.16649  5.88883  0.61958  0.77255  0.48576  0.95510
     11   3.01630  4.89754  3.81354  3.32646  4.27132  3.86720  4.37972  1.67421  3.32197  3.32845  4.20350  1.64216  4.37342  3.64091  3.70592  1.84855  2.33195  3.30402  5.67041  4.41501     80 n - - -
          2.68618  4.42225  2.77519  2.73123  3.46354  2.40513  3.72494  3.29354  2.67741  2.69355  4.24690  2.90347  2.73739  3.18146  2.89801  2.37887  2.77519  2.98518  4.58477  3.61503
          0.00851  5.16649  5.88883  0.61958  0.77255  0.48576  0.95510
     12   3.79215  6.02667  3.95183  2.35563  5.55816  4.33451  4.27230  4.88959  2.53662  4.24605  5.10074  3.81278  4.71260  1.83299  0.75516  3.74122  3.94543  4.53681  6.23169  5.06354     81 r - - -
          2.68618  4.42225  2.77519  2.73123  3.46354  2.40513  3.72494  3.29354  2.67741  2.69355  4.24690  2.90347  2.73739  3.18146  2.89801  2.37887  2.77519  2.98518  4.58477  3.61503
          0.00851  5.16649  5.88883  0.61958  0.77255  0.48576  0.95510
     13   1.80146  6.03122  2.11332  1.37064  5.38914  1.60351  4.34805  4.90855  3.28437  4.38089  5.18024  3.34971  4.45082  3.48987  3.85672  3.37192  3.74094  4.45123  6.52531  5.03730     82 e - - -
          2.68618  4.42225  2.77519  2.73123  3.46354  2.40513  3.72494  3.29354  2.67741  2.69355  4.24690  2.90347  2.73739  3.18146  2.89801  2.37887  2.77519  2.98518  4.58477  3.61503
          0.00851  5.16649  5.88883  0.61958  0.77255  0.48576  0.95510
     14   4.46015  5.62806  6.40909  5.83872  1.48015  5.86864  5.99231  1.88278  5.70709  0.73113  3.45341  6.02191  5.80798  5.45535  5.58585  5.28254  4.65058  3.21919  5.88955  4.82565     83 l - - -
          2.68618  4.42225  2.77519  2.73123  3.46354  2.40513  3.72494  3.29354  2.67741  2.69355  4.24690  2.90347  2.73739  3.18146  2.89801  2.37887  2.77519  2.98518  4.58477  3.61503
          0.00851  5.16649  5.88883  0.61958  0.77255  0.48576  0.95510
     15   4.09989  5.45935  5.84834  5.66264  4.93214  5.05078  6.38317  2.83945  5.60307  3.47908  4.80977  5.66743  5.63325  5.92164  5.69548  4.75721  4.48104  0.20000  6.82164  5.63530     84 V - - -
          2.68618  4.42225  2.77519  2.73123  3.46354  2.40513  3.72494  3.29354  2.67741  2.69355  4.24690  2.90347  2.73739  3.18146  2.89801  2.37887  2.77519  2.98518  4.58477  3.61503
          0.00851  5.16649  5.88883  0.61958  0.77255  0.48576  0.95510
     16   2.28820  4.71376  4.16654  2.00671  3.88369  4.14103  4.46910  2.90903  3.57499  2.87426  2.35904  3.98043  4.53246  3.86306  3.87935  3.42385  3.35526  1.20461  5.39950  4.18142     85 v - - -
          2.68618  4.42225  2.77519  2.73123  3.46354  2.40513  3.72494  3.29354  2.67741  2.69355  4.24690  2.90347  2.73739  3.18146  2.89801  2.37887  2.77519  2.98518  4.58477  3.61503
          0.00851  5.16649  5.88883  0.61958  0.77255  0.48576  0.95510
     17   3.94325  6.52297  0.59720  2.96839  5.88175  4.07716  4.67282  5.46799  1.55571  4.89702  5.79572  3.55592  4.73706  3.85265  4.17644  3.79524  4.24619  5.00722  6.95002  5.47071     86 D - - -
          2.68618  4.42225  2.77519  2.73123  3.46354  2.40513  3.72494  3.29354  2.67741  2.69355  4.24690  2.90347  2.73739  3.18146  2.89801  2.37887  2.77519  2.98518  4.58477  3.61503
          0.00851  5.16649  5.88883  0.61958  0.77255  0.48576  0.95510
     18   5.11160  6.04740  6.03907  5.97027  0.98761  5.65332  4.31107  4.53495  5.73819  2.21794  5.04735  5.20637  5.88974  5.36438  5.51435  5.05930  5.30168  4.54936  4.38152  0.87538     87 y - - -
          2.68618  4.42225  2.77519  2.73123  3.46354  2.40513  3.72494  3.29354  2.67741  2.69355  4.24690  2.90347  2.73739  3.18146  2.89801  2.37887  2.77519  2.98518  4.58477  3.61503
          0.00851  5.16649  5.88883  0.61958  0.77255  0.48576  0.95510
     19   3.84245  5.09146  5.87217  5.31583  1.57668  5.23634  5.63899  1.77342  5.17343  1.59840  3.70369  5.40086  5.44104  5.22319  5.18628  4.60612  4.07439  1.24201  5.88551  4.77129     88 v - - -
          2.68618  4.42225  2.77519  2.73123  3.46354  2.40513  3.72494  3.29354  2.67741  2.69355  4.24690  2.90347  2.73739  3.18146  2.89801  2.37887  2.77519  2.98518  4.58477  3.61503
          0.00851  5.16649  5.88883  0.61958  0.77255  0.48576  0.95510
     20   2.99296  5.32251  3.33912  2.79723  4.70193  2.60300  2.48447  4.15100  2.76477  3.69026  4.46618  3.31887  4.19446  3.14509  2.43372  1.74314  1.75707  3.75627  5.86711  4.50333     89 s - - -
          2.68618  4.42225  2.77519  2.73123  3.46354  2.40513  3.72494  3.29354  2.67741  2.69355  4.24690  2.90347  2.73739  3.18146  2.89801  2.37887  2.77519  2.98518  4.58477  3.61503
          0.00851  5.16649  5.88883  0.61958  0.77255  0.48576  0.95510
     21   4.15578  5.86064  4.49908  4.03687  3.23739  4.75403  2.50468  4.56020  2.19605  3.92114  5.01405  4.29995  5.12281  4.04988  3.56137  4.15550  4.34389  4.35909  4.84317  0.57934     90 Y - - -
          2.68618  4.42225  2.77519  2.73123  3.46354  2.40513  3.72494  3.29354  2.67741  2.69355  4.24690  2.90347  2.73739  3.18146  2.89801  2.37887  2.77519  2.98518  4.58477  3.61503
          0.00851  5.16649  5.88883  0.61958  0.77255  0.48576  0.95510
     22   4.30079  6.23209  5.15297  4.00319  5.97652  4.73420  4.38100  5.15318  0.62128  4.40911  5.33117  4.24215  5.02033  3.50607  1.25896  4.26044  4.34217  4.87052  6.29260  5.30481     91 K - - -
          2.68618  4.42225  2.77519  2.73123  3.46354  2.40513  3.72494  3.29354  2.67741  2.69355  4.24690  2.90347  2.73739  3.18146  2.89801  2.37887  2.77519  2.98518  4.58477  3.61503
          0.00851  5.16649  5.88883  0.61958  0.77255  0.48576  0.95510
     23   4.48384  5.62929  6.47390  5.94315  3.81940  6.00832  6.36335  1.32592  5.82445  0.55960  3.54090  6.20450  5.92566  5.62482  5.74503  5.47861  4.69110  2.92466  6.17063  5.24498     92 L - - -
          2.68618  4.42225  2.77519  2.73123  3.46354  2.40513  3.72494  3.29354  2.67741  2.69355  4.24690  2.90347  2.73739  3.18146  2.89801  2.37887  2.77519  2.98518  4.58477  3.61503
          0.00851  5.16649  5.88883  0.61958  0.77255  0.48576  0.95510
     24   1.72093  2.58574  4.14955  3.64265  4.78864  3.76971  4.67158  4.19718  3.54150  3.85482  4.68064  3.91772  4.41460  3.89950  1.86385  1.15611  3.40095  3.75494  6.11357  4.87569     93 s - - -
          2.68618  4.42225  2.77519  2.73123  3.46354  2.40513  3.72494  3.29354  2.67741  2.69355  4.24690  2.90347  2.73739  3.18146  2.89801  2.37887  2.77519  2.98518  4.58477  3.61503
          0.00851  5.16649  5.88883  0.61958  0.77255  0.48576  0.95510
     25   4.83033  6.44149  4.70595  4.62618  5.88323  4.89114  5.70979  5.95649  4.41854  5.26961  6.40986  5.04066  5.53351  0.11022  4.60453  4.90865  5.20091  5.61447  6.86926  5.84190     94 Q - - -
          2.68618  4.42225  2.77519  2.73123  3.46354  2.40513  3.72494  3.29354  2.67741  2.69355  4.24690  2.90347  2.73739  3.18146  2.89801  2.37887  2.77519  2.98518  4.58477  3.61503
          0.00851  5.16649  5.88883  0.61958  0.77255  0.48576  0.95510
     26   3.84034  6.02565  4.22279  3.50049  5.60222  4.40718  4.26459  4.90409  1.33283  4.24202  5.10139  1.28094  4.75102  3.38325  1.47219  3.79748  3.97498  4.55994  6.20723  5.07615     95 n - - -
          2.68618  4.42225  2.77519  2.73123  3.46354  2.40513  3.72494  3.29354  2.67741  2.69355  4.24690  2.90347  2.73739  3.18146  2.89801  2.37887  2.77519  2.98518  4.58477  3.61503
          0.11029  5.16649  2.31546  0.61958  0.77255  0.48576  0.95510
     27   3.05114  4.98056  4.50493  4.50429  5.68282  0.38871  5.57838  5.26090  4.80915  4.92108  5.69332  4.37814  4.56907  4.94721  4.97175  2.00450  3.62920  4.37083  6.96928  5.88103     96 G - - -
          2.68618  4.42225  2.77519  2.73123  3.46354  2.40513  3.72494  3.29354  2.67741  2.69355  4.24690  2.90347  2.73739  3.18146  2.89801  2.37887  2.77519  2.98518  4.58477  3.61503
          0.00942  5.06562  5.78796  0.61958  0.77255  0.34473  1.23241
     28   3.21416  4.69418  4.56138  2.58241  3.53131  4.29678  4.51780  3.01359  3.86487  1.43255  2.56394  4.23165  4.64892  4.10269  4.05694  3.58973  3.44351  2.89361  5.14141  1.40106     97 y - - -
          2.68618  4.42225  2.77519  2.73123  3.46354  2.40513  3.72494  3.29354  2.67741  2.69355  4.24690  2.90347  2.73739  3.18146  2.89801  2.37887  2.77519  2.98518  4.58477  3.61503
          0.00851  5.16649  5.88883  0.61958  0.77255  0.48576  0.95510
     29   2.33266  5.47219  2.01352  1.73396  4.79519  3.77098  4.02161  4.25605  2.80278  3.77934  4.54791  3.25966  4.20119  3.13812  3.29901  2.07387  3.28810  2.10942  5.94694  4.54877     98 e - - -
          2.68618  4.42225  2.77519  2.73123  3.46354  2.40513  3.72494  3.29354  2.67741  2.69355  4.24690  2.90347  2.73739  3.18146  2.89801  2.37887  2.77519  2.98518  4.58477  3.61503
          0.00851  5.16649  5.88883  0.61958  0.77255  0.48576  0.95510
     30   3.48960  1.71245  5.24684  4.86842  4.13493  4.26388  5.13111  4.05302  4.60884  3.72393  4.70837  4.75566  2.39892  4.88797  4.70278  3.77059  3.90756  3.77476  0.72701  4.25511     99 w - - -
          2.68618  4.42225  2.77519  2.73123  3.46354  2.40513  3.72494  3.29354  2.67741  2.69355  4.24690  2.90347  2.73739  3.18146  2.89801  2.37887  2.77519  2.98518  4.58477  3.61503
          0.00851  5.16649  5.88883  0.61958  0.77255  0.48576  0.95510
     31   2.95699  5.38882  2.31105  2.18748  3.02657  2.65812  3.93297  4.16615  2.68327  3.68035  4.43856  3.21980  4.13407  3.04120  2.44872  2.10270  3.18854  3.76224  5.84045  2.37068    100 s - - -
          2.68618  4.42225  2.77519  2.73123  3.46354  2.40513  3.72494  3.29354  2.67741  2.69355  4.24690  2.90347  2.73739  3.18146  2.89801  2.37887  2.77519  2.98518  4.58477  3.61503
          0.00851  5.16649  5.88883  0.61958  0.77255  0.48576  0.95510
     32   1.83142  5.50124  2.06052  2.65973  4.84335  2.73662  3.95159  4.32845  2.17549  3.80699  4.54912  3.21015  2.79644  2.12744  3.19470  2.95603  3.22998  3.89164  5.93888  4.52594    101 a - - -
          2.68618  4.42225  2.77519  2.73123  3.46354  2.40513  3.72494  3.29354  2.67741  2.69355  4.24690  2.90347  2.73739  3.18146  2.89801  2.37887  2.77519  2.98518  4.58477  3.61503
          0.00851  5.16649  5.88883  0.61958  0.77255  0.48576  0.95510
     33   1.37347  4.81557  4.54107  4.13052  1.60816  1.61141  4.95430  3.99148  4.09972  3.70677  4.57563  4.19544  4.49479  4.34052  4.35760  2.18139  3.43754  3.59948  6.01111  4.80054    102 a - - -
          2.68618  4.42225  2.77519  2.73123  3.46354  2.40513  3.72494  3.29354  2.67741  2.69355  4.24690  2.90347  2.73739  3.18146  2.89801  2.37887  2.77519  2.98518  4.58477  3.61503
          0.00851  5.16649  5.88883  0.61958  0.77255  0.48576  0.95510
     34   3.30130  5.59570  1.99438  3.00431  5.37851  2.40488  4.51327  4.88595  3.45320  4.40368  5.19420  3.52263  1.28799  3.66979  3.98329  1.53405  3.66371  4.35040  6.55598  5.13688    103 p - - -
          2.68618  4.42225  2.77519  2.73123  3.46354  2.40513  3.72494  3.29354  2.67741  2.69355  4.24690  2.90347  2.73739  3.18146  2.89801  2.37887  2.77519  2.98518  4.58477  3.61503
          0.00851  5.16649  5.88883  0.61958  0.77255  0.48576  0.95510
     35   1.61364  5.36215  2.09807  2.83374  4.76739  2.06271  4.13393  4.21163  2.94644  3.77407  4.56342  2.42046  4.25605  3.26948  3.43297  3.07190  3.33371  2.36092  5.97223  4.60062    104 a - - -
          2.68618  4.42225  2.77519  2.73123  3.46354  2.40513  3.72494  3.29354  2.67741  2.69355  4.24690  2.90347  2.73739  3.18146  2.89801  2.37887  2.77519  2.98518  4.58477  3.61503
          0.00851  5.16649  5.88883  0.61958  0.77255  0.48576  0.95510
     36   2.32571  4.89953  3.58182  2.32383  4.08052  2.46629  4.12061  3.45339  3.02756  1.74699  4.00055  2.55245  4.26985  3.35487  3.44340  3.10940  3.21505  2.15874  5.46230  4.18870    105 l - - -
          2.68618  4.42225  2.77519  2.73123  3.46354  2.40513  3.72494  3.29354  2.67741  2.69355  4.24690  2.90347  2.73739  3.18146  2.89801  2.37887  2.77519  2.98518  4.58477  3.61503
          0.00851  5.16649  5.88883  0.61958  0.77255  0.48576  0.95510
     37   2.08418  5.37597  3.30579  1.92934  4.96517  2.47870  4.22013  4.43732  3.02687  3.96584  4.73390  3.41453  1.46570  3.34864  3.51309  2.27473  3.37277  3.97525  6.12905  4.74819    106 p - - -
          2.68618  4.42225  2.77519  2.73123  3.46354  2.40513  3.72494  3.29354  2.67741  2.69355  4.24690  2.90347  2.73739  3.18146  2.89801  2.37887  2.77519  2.98518  4.58477  3.61503
          0.00851  5.16649  5.88883  0.61958  0.77255  0.48576  0.95510
     38   2.19515  3.03901  2.09543  1.96919  4.78921  3.73039  3.92635  4.26948  2.66866  3.75521  4.49795  3.20208  2.77120  2.37435  3.16121  2.37447  3.19454  3.83905  5.89219  4.48539    107 e - - -
          2.68618  4.42225  2.77519  2.73123  3.46354  2.40513  3.72494  3.29354  2.67741  2.69355  4.24690  2.90347  2.73739  3.18146  2.89801  2.37887  2.77519  2.98518  4.58477  3.61503
          0.00851  5.16649  5.88883  0.61958  0.77255  0.48576  0.95510
     39   1.61459  5.12017  3.83631  3.55442  5.30440  1.47419  4.81696  4.78141  3.73931  4.37604  5.15171  1.98316  1.67307  4.00948  4.15546  3.18548  3.51964  4.15680  6.54918  5.26771    108 g - - -
          2.68618  4.42225  2.77519  2.73123  3.46354  2.40513  3.72494  3.29354  2.67741  2.69355  4.24690  2.90347  2.73739  3.18146  2.89801  2.37887  2.77519  2.98518  4.58477  3.61503
          0.00851  5.16649  5.88883  0.61958  0.77255  0.48576  0.95510
     40   2.29247  4.84963  3.66387  3.10169  4.02270  3.89772  4.13978  3.38941  3.05707  2.37514  3.95342  2.56770  2.54893  3.39288  2.24026  3.13101  3.21425  1.74519  5.41854  4.15681    109 v - - -
          2.68618  4.42225  2.77519  2.73123  3.46354  2.40513  3.72494  3.29354  2.67741  2.69355  4.24690  2.90347  2.73739  3.18146  2.89801  2.37887  2.77519  2.98518  4.58477  3.61503
          0.00851  5.16649  5.88883  0.61958  0.77255  0.48576  0.95510
     41   2.33882  5.46837  2.41459  2.66661  4.80502  2.46288  2.74604  4.28398  2.69906  3.77361  4.52060  3.21470  4.14726  1.75729  3.19246  2.95144  2.19560  3.85650  5.91419  4.50746    110 q - - -
          2.68618  4.42225  2.77519  2.73123  3.46354  2.40513  3.72494  3.29354  2.67741  2.69355  4.24690  2.90347  2.73739  3.18146  2.89801  2.37887  2.77519  2.98518  4.58477  3.61503
          0.00851  5.16649  5.88883  0.61958  0.77255  0.48576  0.95510
     42   2.19259  5.37239  3.24081  1.98573  4.68349  3.74548  3.94109  2.80279  1.89605  3.66467  4.42782  3.23170  2.28041  3.05200  3.17342  2.33852  3.19286  3.74545  5.83164  4.44598    111 k - - -
          2.68618  4.42225  2.77519  2.73123  3.46354  2.40513  3.72494  3.29354  2.67741  2.69355  4.24690  2.90347  2.73739  3.18146  2.89801  2.37887  2.77519  2.98518  4.58477  3.61503
          0.00851  5.16649  5.88883  0.61958  0.77255  0.48576  0.95510
     43   1.37930  5.20820  3.37436  1.61823  4.54939  3.80724  4.13269  3.95561  2.95019  2.48877  4.38936  3.41078  4.25905  3.29034  3.40890  2.31443  3.29519  3.61435  5.81691  4.48298    112 a - - -
          2.68618  4.42225  2.77519  2.73123  3.46354  2.40513  3.72494  3.29354  2.67741  2.69355  4.24690  2.90347  2.73739  3.18146  2.89801  2.37887  2.77519  2.98518  4.58477  3.61503
          0.00851  5.16649  5.88883  0.61958  0.77255  0.48576  0.95510
     44   3.11143  5.23120  3.43228  2.97001  4.42838  3.88395  1.51367  3.92021  2.93768  3.52917  2.72343  2.46078  1.77212  3.33056  3.35061  3.16223  3.35948  3.60694  5.73093  4.38593    113 h - - -
          2.68618  4.42225  2.77519  2.73123  3.46354  2.40513  3.72494  3.29354  2.67741  2.69355  4.24690  2.90347  2.73739  3.18146  2.89801  2.37887  2.77519  2.98518  4.58477  3.61503
          0.00851  5.16649  5.88883  0.61958  0.77255  0.48576  0.95510
     45   2.18719  5.51399  3.19473  1.30293  4.85989  2.64771  3.97123  4.33819  2.69955  3.81827  4.56673  3.23784  4.17571  2.34451  2.42646  2.98807  3.25918  3.90772  5.94937  4.54669    114 e - - -
          2.68618  4.42225  2.77519  2.73123  3.46354  2.40513  3.72494  3.29354  2.67741  2.69355  4.24690  2.90347  2.73739  3.18146  2.89801  2.37887  2.77519  2.98518  4.58477  3.61503
          0.00851  5.16649  5.88883  0.61958  0.77255  0.48576  0.95510
     46   1.90774  5.06707  3.45075  2.34191  4.32390  2.89563  4.06952  3.72646  2.90285  3.35910  1.92289  3.40515  2.53896  3.24488  3.35131  3.03755  2.42780  3.42014  5.63203  4.32069    115 a - - -
          2.68618  4.42225  2.77519  2.73123  3.46354  2.40513  3.72494  3.29354  2.67741  2.69355  4.24690  2.90347  2.73739  3.18146  2.89801  2.37887  2.77519  2.98518  4.58477  3.61503
          0.00851  5.16649  5.88883  0.61958  0.77255  0.48576  0.95510
     47   2.15378  4.79838  4.24143  3.73995  4.35828  2.19999  4.65012  3.73275  3.69438  3.44217  1.33253  3.98018  4.42713  3.97869  4.01650  2.22801  1.97995  3.40580  5.78301  4.56828    116 m - - -
          2.68618  4.42225  2.77519  2.73123  3.46354  2.40513  3.72494  3.29354  2.67741  2.69355  4.24690  2.90347  2.73739  3.18146  2.89801  2.37887  2.77519  2.98518  4.58477  3.61503
          0.00851  5.16649  5.88883  0.61958  0.77255  0.48576  0.95510
     48   3.00676  5.28881  3.34299  2.00533  4.57192  2.68004  3.99992  2.50503  2.74134  3.56679  4.36351  3.31859  4.19994  3.13216  1.51562  3.01689  2.44688  3.64537  5.77292  4.42572    117 r - - -
          2.68618  4.42225  2.77519  2.73123  3.46354  2.40513  3.72494  3.29354  2.67741  2.69355  4.24690  2.90347  2.73739  3.18146  2.89801  2.37887  2.77519  2.98518  4.58477  3.61503
          0.00851  5.16649  5.88883  0.61958  0.77255  0.48576  0.95510
     49   1.91196  4.86810  2.58912  3.14082  2.46659  3.87690  4.19626  3.45939  3.12900  3.15486  4.02556  3.58595  4.30136  3.44831  3.53290  1.49848  3.23850  2.45280  5.48779  4.22147    118 s - - -
          2.68618  4.42225  2.77519  2.73123  3.46354  2.40513  3.72494  3.29354  2.67741  2.69355  4.24690  2.90347  2.73739  3.18146  2.89801  2.37887  2.77519  2.98518  4.58477  3.61503
          0.00851  5.16649  5.88883  0.61958  0.77255  0.48576  0.95510
     50   2.29848  4.97594  3.51721  1.51844  4.17177  3.85272  4.08752  3.55083  2.95500  2.05779  2.82640  3.45557  4.24689  3.29263  3.38585  2.21106  3.21323  3.27915  5.52653  4.23710    119 e - - -
          2.68618  4.42225  2.77519  2.73123  3.46354  2.40513  3.72494  3.29354  2.67741  2.69355  4.24690  2.90347  2.73739  3.18146  2.89801  2.37887  2.77519  2.98518  4.58477  3.61503
          0.00851  5.16649  5.88883  0.61958  0.77255  0.48576  0.95510
     51   2.98954  4.85927  3.69955  3.14015  2.71412  1.56929  4.16912  3.43091  3.08245  3.11445  2.93908  3.58515  4.30227  3.42578  2.08751  2.20868  3.23345  3.17669  5.44141  4.17570    120 g - - -
          2.68618  4.42225  2.77519  2.73123  3.46354  2.40513  3.72494  3.29354  2.67741  2.69355  4.24690  2.90347  2.73739  3.18146  2.89801  2.37887  2.77519  2.98518  4.58477  3.61503
          0.00851  5.16649  5.88883  0.61958  0.77255  0.48576  0.95510
     52   3.10650  5.63369  2.30493  1.61477  4.96804  3.77756  4.04034  4.46031  2.82341  3.93543  4.68673  3.24059  2.71464  2.19050  3.33269  3.05381  1.73843  4.02042  6.06829  4.63988    121 e - - -
          2.68618  4.42225  2.77519  2.73123  3.46354  2.40513  3.72494  3.29354  2.67741  2.69355  4.24690  2.90347  2.73739  3.18146  2.89801  2.37887  2.77519  2.98518  4.58477  3.61503
          0.00851  5.16649  5.88883  0.61958  0.77255  0.48576  0.95510
     53   2.99937  5.07746  3.43552  1.87466  4.32506  2.64346  4.09812  1.83800  2.94377  3.36053  4.19952  3.42429  2.52125  3.28069  3.38996  3.07168  2.15705  3.41217  5.64400  4.33552    122 i - - -
          2.68618  4.42225  2.77519  2.73123  3.46354  2.40513  3.72494  3.29354  2.67741  2.69355  4.24690  2.90347  2.73739  3.18146  2.89801  2.37887  2.77519  2.98518  4.58477  3.61503
          0.00851  5.16649  5.88883  0.61958  0.77255  0.48576  0.95510
     54   3.02086  5.20440  3.36323  2.23834  1.63047  2.43960  4.05068  3.87299  2.84275  3.47649  4.29612  3.36669  2.40364  3.20773  2.46480  3.05671  3.25730  3.55085  5.71274  4.37865    123 f - - -
          2.68618  4.42225  2.77519  2.73123  3.46354  2.40513  3.72494  3.29354  2.67741  2.69355  4.24690  2.90347  2.73739  3.18146  2.89801  2.37887  2.77519  2.98518  4.58477  3.61503
          0.00851  5.16649  5.88883  0.61958  0.77255  0.48576  0.95510
     55   3.01184  5.38782  3.21839  1.40538  2.88237  2.64883  2.49886  4.14179  2.77074  3.67970  4.45717  3.26559  4.18418  3.11787  3.25577  2.08806  3.24825  3.75857  5.85166  4.46443    124 e - - -
          2.68618  4.42225  2.77519  2.73123  3.46354  2.40513  3.72494  3.29354  2.67741  2.69355  4.24690  2.90347  2.73739  3.18146  2.89801  2.37887  2.77519  2.98518  4.58477  3.61503
          0.00851  5.16649  5.88883  0.61958  0.77255  0.48576  0.95510
     56   1.71285  5.47141  3.53904  2.95146  4.87261  3.91878  4.07464  4.29394  1.52327  3.80093  4.59245  3.44955  4.31934  3.19442  2.28019  3.16219  1.81801  3.91109  5.93645  4.62240    125 k - - -
          2.68618  4.42225  2.77519  2.73123  3.46354  2.40513  3.72494  3.29354  2.67741  2.69355  4.24690  2.90347  2.73739  3.18146  2.89801  2.37887  2.77519  2.98518  4.58477  3.61503
          0.00851  5.16649  5.88883  0.61958  0.77255  0.48576  0.95510
     57   3.05324  5.38843  3.38600  2.81061  4.69586  3.83699  3.99152  2.39445  2.18285  3.66103  4.44683  3.33248  2.53365  2.38791  1.68400  3.04690  2.45160  3.76004  5.82971  4.48492    126 r - - -
          2.68618  4.42225  2.77519  2.73123  3.46354  2.40513  3.72494  3.29354  2.67741  2.69355  4.24690  2.90347  2.73739  3.18146  2.89801  2.37887  2.77519  2.98518  4.58477  3.61503
          0.00851  5.16649  5.88883  0.61958  0.77255  0.48576  0.95510
     58   2.34335  5.25171  3.33654  2.81795  2.77581  3.81502  1.54254  3.93474  2.81796  3.51905  4.33102  2.20450  4.21858  2.40915  3.27582  3.03951  3.25269  3.60033  5.69336  4.31854    127 h - - -
          2.68618  4.42225  2.77519  2.73123  3.46354  2.40513  3.72494  3.29354  2.67741  2.69355  4.24690  2.90347  2.73739  3.18146  2.89801  2.37887  2.77519  2.98518  4.58477  3.61503
          0.00851  5.16649  5.88883  0.61958  0.77255  0.48576  0.95510
     59   2.35928  4.73680  3.81543  3.25150  2.68220  1.93130  4.20484  3.25802  3.20391  2.96440  2.19266  3.66644  2.53932  3.51653  2.53290  3.18256  3.21538  3.02547  5.32696  4.08654    128 g - - -
          2.68618  4.42225  2.77519  2.73123  3.46354  2.40513  3.72494  3.29354  2.67741  2.69355  4.24690  2.90347  2.73739  3.18146  2.89801  2.37887  2.77519  2.98518  4.58477  3.61503
          0.00851  5.16649  5.88883  0.61958  0.77255  0.48576  0.95510
     60   2.19397  5.39906  3.22652  1.65875  4.71848  3.74054  3.93468  2.81548  2.68028  3.69429  4.45062  2.21442  4.13630  3.04170  2.42224  2.33653  3.19268  3.77653  5.85094  4.45851    129 e - - -
          2.68618  4.42225  2.77519  2.73123  3.46354  2.40513  3.72494  3.29354  2.67741  2.69355  4.24690  2.90347  2.73739  3.18146  2.89801  2.37887  2.77519  2.98518  4.58477  3.61503
          0.00851  5.16649  5.88883  0.61958  0.77255  0.48576  0.95510
     61   2.17714  5.04738  3.43992  2.29255  4.25999  3.81890  4.03636  3.65828  2.87237  3.29637  2.29413  2.59419  2.44854  3.21510  3.32007  3.03116  2.41881  2.51740  5.57636  4.26737    130 a - - -
          2.68618  4.42225  2.77519  2.73123  3.46354  2.40513  3.72494  3.29354  2.67741  2.69355  4.24690  2.90347  2.73739  3.18146  2.89801  2.37887  2.77519  2.98518  4.58477  3.61503
          0.00851  5.16649  5.88883  0.61958  0.77255  0.48576  0.95510
     62   3.05061  4.69692  4.00629  2.48249  1.50125  4.03707  4.32184  2.35803  3.44824  2.88415  3.81067  3.84704  4.43472  3.73157  3.76136  1.66496  3.29207  2.94090  5.24643  3.97797    131 f - - -
          2.68618  4.42225  2.77519  2.73123  3.46354  2.40513  3.72494  3.29354  2.67741  2.69355  4.24690  2.90347  2.73739  3.18146  2.89801  2.37887  2.77519  2.98518  4.58477  3.61503
          0.00851  5.16649  5.88883  0.61958  0.77255  0.48576  0.95510
     63   3.06544  5.43591  3.32206  1.40382  4.74071  3.82458  4.00735  4.20563  2.70055  3.72497  4.50440  3.31885  4.22593  3.12633  2.20908  1.91589  3.29450  3.82087  2.53110  4.50846    132 e - - -
          2.68618  4.42225  2.77519  2.73123  3.46354  2.40513  3.72494  3.29354  2.67741  2.69355  4.24690  2.90347  2.73739  3.18146  2.89801  2.37887  2.77519  2.98518  4.58477  3.61503
          0.00851  5.16649  5.88883  0.61958  0.77255  0.48576  0.95510
     64   3.22734  5.78178  1.68932  2.09004  5.10699  3.81426  2.26302  4.60883  2.96123  4.07934  4.84242  1.95008  4.29849  3.25285  3.48842  3.15928  1.99011  4.16467  6.21315  4.76525    133 d - - -
          2.68618  4.42225  2.77519  2.73123  3.46354  2.40513  3.72494  3.29354  2.67741  2.69355  4.24690  2.90347  2.73739  3.18146  2.89801  2.37887  2.77519  2.98518  4.58477  3.61503
          0.00851  5.16649  5.88883  0.61958  0.77255  0.48576  0.95510
     65   3.09678  4.54004  4.65900  4.07130  1.73487  4.21813  4.51819  2.90027  3.92845  1.51488  3.55833  4.23883  2.49184  2.67228  4.07095  3.51415  3.32850  2.13731  5.12407  3.92933    134 l - - -
          2.68618  4.42225  2.77519  2.73123  3.46354  2.40513  3.72494  3.29354  2.67741  2.69355  4.24690  2.90347  2.73739  3.18146  2.89801  2.37887  2.77519  2.98518  4.58477  3.61503
          0.00851  5.16649  5.88883  0.61958  0.77255  0.48576  0.95510
     66   1.66915  4.53452  4.70373  4.12360  3.67734  4.22134  4.59235  2.14663  3.98961  2.10407  3.66875  4.27766  4.60334  4.19510  4.13655  1.71732  3.33599  1.90036  5.22316  4.03468    135 a - - -
          2.68618  4.42225  2.77519  2.73123  3.46354  2.40513  3.72494  3.29354  2.67741  2.69355  4.24690  2.90347  2.73739  3.18146  2.89801  2.37887  2.77519  2.98518  4.58477  3.61503
          0.00851  5.16649  5.88883  0.61958  0.77255  0.48576  0.95510
     67   1.78209  5.65517  2.05903  1.55748  4.98820  3.78202  2.68201  4.48247  2.83798  3.95544  4.70734  3.24328  4.23145  2.35788  3.34926  3.06623  3.36191  4.04101  6.08711  4.65574    136 e - - -
          2.68618  4.42225  2.77519  2.73123  3.46354  2.40513  3.72494  3.29354  2.67741  2.69355  4.24690  2.90347  2.73739  3.18146  2.89801  2.37887  2.77519  2.98518  4.58477  3.61503
          0.00851  5.16649  5.88883  0.61958  0.77255  0.48576  0.95510
     68   2.32522  5.28913  3.35563  2.79932  4.60882  3.79002  4.00549  4.04190  2.74408  3.60166  4.39118  3.32056  4.19460  1.49918  2.25512  2.09037  3.23329  2.63186  5.79813  4.44708    137 q - - -
          2.68618  4.42225  2.77519  2.73123  3.46354  2.40513  3.72494  3.29354  2.67741  2.69355  4.24690  2.90347  2.73739  3.18146  2.89801  2.37887  2.77519  2.98518  4.58477  3.61503
          0.00851  5.16649  5.88883  0.61958  0.77255  0.48576  0.95510
     69   3.19862  4.83825  4.61115  4.15646  4.03688  4.11696  4.85382  3.29094  4.02118  0.96667  3.97697  4.31902  2.16703  4.30579  4.22613  3.50691  1.68382  3.14105  5.65502  4.47839    138 l - - -
          2.68618  4.42225  2.77519  2.73123  3.46354  2.40513  3.72494  3.29354  2.67741  2.69355  4.24690  2.90347  2.73739  3.18146  2.89801  2.37887  2.77519  2.98518  4.58477  3.61503
          0.00851  5.16649  5.88883  0.61958  0.77255  0.48576  0.95510
     70   2.03819  4.80207  3.77500  3.23126  4.00646  3.90551  2.68608  3.37920  3.19418  1.43683  3.95677  3.65203  2.75742  3.51469  3.57070  2.19973  3.24131  3.13046  5.42403  4.17452    139 l - - -
          2.68618  4.42225  2.77519  2.73123  3.46354  2.40513  3.72494  3.29354  2.67741  2.69355  4.24690  2.90347  2.73739  3.18146  2.89801  2.37887  2.77519  2.98518  4.58477  3.61503
          0.00851  5.16649  5.88883  0.61958  0.77255  0.48576  0.95510
     71   1.62804  5.03249  3.54498  2.29061  4.37339  2.59805  4.20290  3.75774  3.07087  3.41736  4.25938  3.51721  2.45774  3.39923  3.50649  3.09574  3.27749  1.76422  5.70637  4.41101    140 a - - -
          2.68618  4.42225  2.77519  2.73123  3.46354  2.40513  3.72494  3.29354  2.67741  2.69355  4.24690  2.90347  2.73739  3.18146  2.89801  2.37887  2.77519  2.98518  4.58477  3.61503
          0.00851  5.16649  5.88883  0.61958  0.77255  0.48576  0.95510
     72   2.28311  4.59962  4.24761  3.68546  3.76181  4.05717  4.41585  2.99633  3.60508  2.03528  3.74820  2.28852  4.46270  3.86935  3.87003  3.34544  1.92775  1.57685  5.25868  4.05206    141 v - - -
          2.68618  4.42225  2.77519  2.73123  3.46354  2.40513  3.72494  3.29354  2.67741  2.69355  4.24690  2.90347  2.73739  3.18146  2.89801  2.37887  2.77519  2.98518  4.58477  3.61503
          0.00851  5.16649  5.88883  0.61958  0.77255  0.48576  0.95510
     73   2.22555  5.18764  3.54493  3.06576  4.84777  2.15342  4.29020  4.29567  3.09119  3.86736  4.65059  3.52760  1.43251  2.18864  3.54355  3.06255  2.34991  3.84742  6.06100  4.72609    142 p - - -
          2.68618  4.42225  2.77519  2.73123  3.46354  2.40513  3.72494  3.29354  2.67741  2.69355  4.24690  2.90347  2.73739  3.18146  2.89801  2.37887  2.77519  2.98518  4.58477  3.61503
          0.00851  5.16649  5.88883  0.61958  0.77255  0.48576  0.95510
     74   2.11454  5.41905  3.22282  2.17429  4.74659  2.65975  3.92352  4.21838  1.88852  3.71588  4.46531  3.21136  4.12913  3.02653  2.49761  2.92797  2.29816  3.80044  5.86180  2.90482    143 k - - -
          2.68618  4.42225  2.77519  2.73123  3.46354  2.40513  3.72494  3.29354  2.67741  2.69355  4.24690  2.90347  2.73739  3.18146  2.89801  2.37887  2.77519  2.98518  4.58477  3.61503
          0.00851  5.16649  5.88883  0.61958  0.77255  0.48576  0.95510
     75   2.31941  4.97136  3.52925  2.31350  4.19232  3.84162  4.09940  1.83733  2.96906  3.23900  4.08912  3.46295  2.54211  3.30418  3.40094  2.33788  2.16296  3.29622  5.54248  4.25277    144 i - - -
          2.68618  4.42225  2.77519  2.73123  3.46354  2.40513  3.72494  3.29354  2.67741  2.69355  4.24690  2.90347  2.73739  3.18146  2.89801  2.37887  2.77519  2.98518  4.58477  3.61503
          0.00851  5.16649  5.88883  0.61958  0.77255  0.48576  0.95510
     76   1.71762  4.99780  3.63014  3.08839  2.70937  2.24534  4.21068  3.77210  3.06680  3.41931  4.25728  3.54214  4.27780  3.40727  2.48752  1.64425  3.25892  3.45096  5.69987  4.40881    145 s - - -
          2.68618  4.42225  2.77519  2.73123  3.46354  2.40513  3.72494  3.29354  2.67741  2.69355  4.24690  2.90347  2.73739  3.18146  2.89801  2.37887  2.77519  2.98518  4.58477  3.61503
          0.00851  5.16649  5.88883  0.61958  0.77255  0.48576  0.95510
     77   2.17809  5.20283  3.34594  2.23622  1.66189  3.81861  2.38457  3.85645  2.83752  3.45863  4.27869  3.35031  4.22038  2.39646  3.29315  3.04508  3.24487  3.53667  5.67754  4.32775    146 f - - -
          2.68618  4.42225  2.77519  2.73123  3.46354  2.40513  3.72494  3.29354  2.67741  2.69355  4.24690  2.90347  2.73739  3.18146  2.89801  2.37887  2.77519  2.98518  4.58477  3.61503
          0.00851  5.16649  5.88883  0.61958  0.77255  0.48576  0.95510
     78   2.30065  5.12869  3.45589  2.92139  4.46636  3.79542  4.10322  3.88028  2.91126  2.51274  4.31061  3.41674  2.49860  2.39690  3.35996  1.32982  3.24370  3.54353  5.74169  4.41973    147 s - - -
          2.68618  4.42225  2.77519  2.73123  3.46354  2.40513  3.72494  3.29354  2.67741  2.69355  4.24690  2.90347  2.73739  3.18146  2.89801  2.37887  2.77519  2.98518  4.58477  3.61503
          0.00851  5.16649  5.88883  0.61958  0.77255  0.48576  0.95510
     79   3.00891  5.29158  3.33172  2.22799  4.57558  2.45354  4.00513  4.00570  2.75313  1.84625  4.36942  3.31791  4.20144  3.13808  1.98138  2.09755  3.24186  3.65321  5.77900  4.43021    148 l - - -
          2.68618  4.42225  2.77519  2.73123  3.46354  2.40513  3.72494  3.29354  2.67741  2.69355  4.24690  2.90347  2.73739  3.18146  2.89801  2.37887  2.77519  2.98518  4.58477  3.61503
          0.00851  5.16649  5.88883  0.61958  0.77255  0.48576  0.95510
     80   2.12178  4.50282  4.59807  4.01947  2.44838  4.13962  4.43265  2.95414  3.88517  2.70276  3.63293  4.17090  4.52320  4.08459  4.03263  2.15603  3.28331  2.15460  5.03212  1.49573    149 y - - -
          2.68618  4.42225  2.77519  2.73123  3.46354  2.40513  3.72494  3.29354  2.67741  2.69355  4.24690  2.90347  2.73739  3.18146  2.89801  2.37887  2.77519  2.98518  4.58477  3.61503
          0.00851  5.16649  5.88883  0.61958  0.77255  0.48576  0.95510
     81   1.76264  4.96580  3.67113  3.13523  4.22602  3.88513  4.21447  3.57960  3.07513  2.10907  4.13104  3.58670  4.32161  1.46968  3.47079  3.14917  2.37751  3.31110  5.60014  4.32949    150 q - - -
          2.68618  4.42225  2.77519  2.73123  3.46354  2.40513  3.72494  3.29354  2.67741  2.69355  4.24690  2.90347  2.73739  3.18146  2.89801  2.37887  2.77519  2.98518  4.58477  3.61503
          0.00851  5.16649  5.88883  0.61958  0.77255  0.48576  0.95510
     82   2.18869  5.53053  1.84685  1.85409  4.87213  2.66504  3.96175  4.36069  2.71342  3.83427  4.57539  3.21078  4.15933  2.34563  2.43808  2.96866  3.24673  3.91995  5.96286  4.54536    151 d - - -
          2.68618  4.42225  2.77519  2.73123  3.46354  2.40513  3.72494  3.29354  2.67741  2.69355  4.24690  2.90347  2.73739  3.18146  2.89801  2.37887  2.77519  2.98518  4.58477  3.61503
          0.00851  5.16649  5.88883  0.61958  0.77255  0.48576  0.95510
     83   1.38317  4.81605  4.80996  4.43995  4.78587  2.05657  5.18212  4.10569  4.37955  3.88558  4.75059  4.33737  4.52563  4.59184  4.57866  2.14852  3.47160  1.13691  6.22444  5.06511    152 v - - -
          2.68618  4.42225  2.77519  2.73123  3.46354  2.40513  3.72494  3.29354  2.67741  2.69355  4.24690  2.90347  2.73739  3.18146  2.89801  2.37887  2.77519  2.98518  4.58477  3.61503
          0.00851  5.16649  5.88883  0.61958  0.77255  0.48576  0.95510
     84   2.99080  4.52089  4.28367  3.70352  2.56371  4.06080  4.35348  2.97453  3.60186  2.15870  3.63380  3.97526  2.53321  3.85376  2.30254  2.42839  3.22382  1.60907  5.12738  3.92593    153 v - - -
          2.68618  4.42225  2.77519  2.73123  3.46354  2.40513  3.72494  3.29354  2.67741  2.69355  4.24690  2.90347  2.73739  3.18146  2.89801  2.37887  2.77519  2.98518  4.58477  3.61503
          0.00851  5.16649  5.88883  0.61958  0.77255  0.48576  0.95510
     85   2.19760  5.44843  2.44507  1.97243  2.96784  3.72670  3.91680  4.26778  2.65531  3.75070  4.49130  3.19667  4.12168  2.03969  2.50048  2.32209  3.18512  3.83536  5.88521  4.47800    154 e - - -
          2.68618  4.42225  2.77519  2.73123  3.46354  2.40513  3.72494  3.29354  2.67741  2.69355  4.24690  2.90347  2.73739  3.18146  2.89801  2.37887  2.77519  2.98518  4.58477  3.61503
          0.00851  5.16649  5.88883  0.61958  0.77255  0.48576  0.95510
     86   2.96739  5.25401  2.49437  2.19674  4.51722  3.77250  3.97707  3.94569  2.75861  2.40498  4.31824  3.28214  4.16775  2.41916  3.23271  2.97802  1.80393  2.32340  5.73985  4.38365    155 t - - -
          2.68618  4.42225  2.77519  2.73123  3.46354  2.40513  3.72494  3.29354  2.67741  2.69355  4.24690  2.90347  2.73739  3.18146  2.89801  2.37887  2.77519  2.98518  4.58477  3.61503
          0.00851  5.16649  5.88883  0.61958  0.77255  0.48576  0.95510
     87   3.07675  4.47949  4.85536  4.26372  3.60298  2.69284  4.59316  1.90344  4.09585  1.70361  3.60586  4.34316  4.60589  4.26955  4.18003  2.28655  3.31583  1.48787  5.15036  3.96793    156 v - - -
          2.68618  4.42225  2.77519  2.73123  3.46354  2.40513  3.72494  3.29354  2.67741  2.69355  4.24690  2.90347  2.73739  3.18146  2.89801  2.37887  2.77519  2.98518  4.58477  3.61503
          0.00851  5.16649  5.88883  0.61958  0.77255  0.48576  0.95510
     88   3.01160  4.86153  4.27282  3.85572  2.46103  1.25141  4.78904  3.93493  3.85254  3.63809  4.51140  4.05615  1.52594  4.12630  4.16375  3.21815  2.26617  3.56892  5.93588  4.69637    157 g - - -
          2.68618  4.42225  2.77519  2.73123  3.46354  2.40513  3.72494  3.29354  2.67741  2.69355  4.24690  2.90347  2.73739  3.18146  2.89801  2.37887  2.77519  2.98518  4.58477  3.61503
          0.00851  5.16649  5.88883  0.61958  0.77255  0.48576  0.95510
     89   2.98399  4.92985  3.57313  3.02499  4.12139  3.87130  4.11445  3.49702  2.99802  3.17222  2.37964  1.82192  4.26708  2.45597  3.41350  2.37389  3.22057  1.88992  5.49130  4.21318    158 n - - -
          2.68618  4.42225  2.77519  2.73123  3.46354  2.40513  3.72494  3.29354  2.67741  2.69355  4.24690  2.90347  2.73739  3.18146  2.89801  2.37887  2.77519  2.98518  4.58477  3.61503
          0.00851  5.16649  5.88883  0.61958  0.77255  0.48576  0.95510
     90   1.77142  5.38590  3.26437  2.74695  4.81293  2.59343  4.01583  4.28574  2.77290  3.79257  4.54555  2.45918  2.51554  2.37678  3.25931  1.95626  3.23773  3.85066  5.94313  4.55110    159 a - - -
          2.68618  4.42225  2.77519  2.73123  3.46354  2.40513  3.72494  3.29354  2.67741  2.69355  4.24690  2.90347  2.73739  3.18146  2.89801  2.37887  2.77519  2.98518  4.58477  3.61503
          0.00851  5.16649  5.88883  0.61958  0.77255  0.48576  0.95510
     91   2.08815  5.01332  3.47399  2.91605  4.22278  2.65577  4.05364  3.61827  2.90117  2.46790  4.10531  3.41197  2.56511  2.52164  3.34230  2.01573  3.19728  3.33146  3.00868  4.25211    160 s - - -
          2.68618  4.42225  2.77519  2.73123  3.46354  2.40513  3.72494  3.29354  2.67741  2.69355  4.24690  2.90347  2.73739  3.18146  2.89801  2.37887  2.77519  2.98518  4.58477  3.61503
          0.00851  5.16649  5.88883  0.61958  0.77255  0.48576  0.95510
     92   2.97543  5.09753  3.42390  2.88649  4.35613  2.67143  2.72928  3.76270  2.88634  3.38821  4.21519  2.10305  2.73657  3.23057  3.33790  3.03486  2.49401  1.76878  5.65329  4.33595    161 v - - -
          2.68618  4.42225  2.77519  2.73123  3.46354  2.40513  3.72494  3.29354  2.67741  2.69355  4.24690  2.90347  2.73739  3.18146  2.89801  2.37887  2.77519  2.98518  4.58477  3.61503
          0.00851  5.16649  5.88883  0.61958  0.77255  0.48576  0.95510
     93   2.95452  5.34124  2.55135  2.69846  4.63900  3.74780  3.94010  2.79496  1.99133  3.62566  4.39512  2.45848  4.14013  3.05470  2.46310  2.94218  2.09530  2.47746  5.80323  4.42399    162 k - - -
          2.68618  4.42225  2.77519  2.73123  3.46354  2.40513  3.72494  3.29354  2.67741  2.69355  4.24690  2.90347  2.73739  3.18146  2.89801  2.37887  2.77519  2.98518  4.58477  3.61503
          0.00851  5.16649  5.88883  0.61958  0.77255  0.48576  0.95510
     94   2.97570  4.94426  3.55046  2.98924  4.12110  3.86423  2.52834  2.57933  2.95388  3.17665  4.03329  3.47005  2.29417  1.88561  3.37364  3.08537  2.43554  3.24558  2.93338  4.19716    163 q - - -
          2.68618  4.42225  2.77519  2.73123  3.46354  2.40513  3.72494  3.29354  2.67741  2.69355  4.24690  2.90347  2.73739  3.18146  2.89801  2.37887  2.77519  2.98518  4.58477  3.61503
          0.00851  5.16649  5.88883  0.61958  0.77255  0.48576  0.95510
     95   2.04487  2.27081  4.09247  3.52252  3.73764  2.64350  4.30915  3.08970  3.45315  2.06143  3.72584  3.85506  4.39170  2.59452  3.74702  2.48965  3.22192  2.24569  5.21301  3.99982    164 a - - -
          2.68618  4.42225  2.77519  2.73123  3.46354  2.40513  3.72494  3.29354  2.67741  2.69355  4.24690  2.90347  2.73739  3.18146  2.89801  2.37887  2.77519  2.98518  4.58477  3.61503
          0.00851  5.16649  5.88883  0.61958  0.77255  0.48576  0.95510
     96   2.02024  5.23746  2.50035  2.76764  4.51066  3.77354  3.98497  3.94004  2.76509  2.29570  4.31466  3.29416  1.96491  3.11996  2.44137  2.97991  2.72358  3.59152  5.73640  4.38418    165 p - - -
          2.68618  4.42225  2.77519  2.73123  3.46354  2.40513  3.72494  3.29354  2.67741  2.69355  4.24690  2.90347  2.73739  3.18146  2.89801  2.37887  2.77519  2.98518  4.58477  3.61503
          0.00851  5.16649  5.88883  0.61958  0.77255  0.48576  0.95510
     97   3.11572  4.54271  4.74736  4.15026  2.49932  4.24932  4.55624  2.88781  3.98198  1.54441  1.72447  4.29360  4.60135  4.17685  2.28875  3.54846  2.40935  2.75399  5.13793  3.96403    166 l - - -
          2.68618  4.42225  2.77519  2.73123  3.46354  2.40513  3.72494  3.29354  2.67741  2.69355  4.24690  2.90347  2.73739  3.18146  2.89801  2.37887  2.77519  2.98518  4.58477  3.61503
          0.00851  5.16649  5.88883  0.61958  0.77255  0.48576  0.95510
     98   2.32744  5.10856  3.39648  2.04373  2.84994  3.80313  4.01483  3.74443  2.82879  3.36472  4.18817  3.35176  4.19443  3.17738  2.31547  1.74821  3.19409  2.52622  5.62547  4.30278    167 s - - -
          2.68618  4.42225  2.77519  2.73123  3.46354  2.40513  3.72494  3.29354  2.67741  2.69355  4.24690  2.90347  2.73739  3.18146  2.89801  2.37887  2.77519  2.98518  4.58477  3.61503
          0.00851  5.16649  5.88883  0.61958  0.77255  0.48576  0.95510
     99   1.69403  4.79589  3.85375  3.31050  3.89263  3.97101  4.24831  3.31215  3.24361  3.02565  3.92641  3.71715  4.37702  1.89584  3.59618  3.23532  3.27894  2.33279  5.34405  1.83432    168 a - - -
          2.68618  4.42225  2.77519  2.73123  3.46354  2.40513  3.72494  3.29354  2.67741  2.69355  4.24690  2.90347  2.73739  3.18146  2.89801  2.37887  2.77519  2.98518  4.58477  3.61503
          0.00851  5.16649  5.88883  0.61958  0.77255  0.48576  0.95510
    100   2.05173  4.92435  3.81066  3.35825  1.98935  1.27387  4.40297  3.68664  3.36718  3.36735  4.24572  3.74889  4.39768  2.45765  3.74296  3.20882  3.36083  3.39400  5.64928  4.35881    169 g - - -
          2.68618  4.42225  2.77519  2.73123  3.46354  2.40513  3.72494  3.29354  2.67741  2.69355  4.24690  2.90347  2.73739  3.18146  2.89801  2.37887  2.77519  2.98518  4.58477  3.61503
          0.00851  5.16649  5.88883  0.61958  0.77255  0.48576  0.95510
    101   2.99773  5.37569  2.18160  2.72921  2.83657  2.01729  3.99143  4.15197  2.75658  3.68589  4.45892  3.26681  4.17681  3.11029  1.78040  2.32335  3.23676  3.76156  5.85986  4.47733    170 r - - -
          2.68618  4.42225  2.77519  2.73123  3.46354  2.40513  3.72494  3.29354  2.67741  2.69355  4.24690  2.90347  2.73739  3.18146  2.89801  2.37887  2.77519  2.98518  4.58477  3.61503
          0.00851  5.16649  5.88883  0.61958  0.77255  0.48576  0.95510
    102   2.32520  4.79524  2.42085  2.14264  2.69562  3.92182  4.16567  3.29844  3.13061  1.70979  3.89011  3.59949  4.30575  3.44576  3.51904  3.15886  3.21417  2.33348  5.36656  4.11383    171 l - - -
          2.68618  4.42225  2.77519  2.73123  3.46354  2.40513  3.72494  3.29354  2.67741  2.69355  4.24690  2.90347  2.73739  3.18146  2.89801  2.37887  2.77519  2.98518  4.58477  3.61503
          0.00851  5.16649  5.88883  0.61958  0.77255  0.48576  0.95510
    103   2.32044  4.72743  2.42768  3.29475  1.89446  3.97133  4.23432  1.73447  3.26953  2.92479  3.82828  3.70480  4.35790  2.55114  3.62545  3.22678  3.23833  2.97913  5.30663  4.06435    172 i - - -
          2.68618  4.42225  2.77519  2.73123  3.46354  2.40513  3.72494  3.29354  2.67741  2.69355  4.24690  2.90347  2.73739  3.18146  2.89801  2.37887  2.77519  2.98518  4.58477  3.61503
          0.00851  5.16649  5.88883  0.61958  0.77255  0.48576  0.95510
    104   3.00719  5.10761  3.40455  2.03746  2.55188  1.59517  4.06183  3.71979  2.89569  2.49814  4.18787  3.39607  4.23798  2.43926  3.34154  3.06829  3.24066  3.42573  5.61609  4.29444    173 g - - -
          2.68618  4.42225  2.77519  2.73123  3.46354  2.40513  3.72494  3.29354  2.67741  2.69355  4.24690  2.90347  2.73739  3.18146  2.89801  2.37887  2.77519  2.98518  4.58477  3.61503
          0.00851  5.16649  5.88883  0.61958  0.77255  0.48576  0.95510
    105   2.23443  2.71462  4.82947  4.25152  3.63062  4.12163  4.58639  2.88991  4.08323  1.18006  3.64188  4.29964  4.54868  4.25469  4.16744  2.23790  3.28980  2.09116  5.16283  3.98339    174 l - - -
          2.68618  4.42225  2.77519  2.73123  3.46354  2.40513  3.72494  3.29354  2.67741  2.69355  4.24690  2.90347  2.73739  3.18146  2.89801  2.37887  2.77519  2.98518  4.58477  3.61503
          0.00851  5.16649  5.88883  0.61958  0.77255  0.48576  0.95510
    106   1.86510  4.63998  4.37557  3.78707  3.75530  4.15980  4.45799  1.60702  3.58052  2.75203  2.54528  4.06630  4.53656  3.91636  1.71852  3.44817  3.33784  2.77104  5.27615  4.07978    175 i - - -
          2.68618  4.42225  2.77519  2.73123  3.46354  2.40513  3.72494  3.29354  2.67741  2.69355  4.24690  2.90347  2.73739  3.18146  2.89801  2.37887  2.77519  2.98518  4.58477  3.61503
          0.00851  5.16649  5.88883  0.61958  0.77255  0.48576  0.95510
    107   2.96774  5.23998  3.31899  2.23164  4.50051  2.68390  3.97787  3.93145  2.75189  2.55999  4.30630  3.29273  4.17136  3.11315  2.29434  1.74528  3.19896  3.58606  5.72558  2.48696    176 s - - -
          2.68618  4.42225  2.77519  2.73123  3.46354  2.40513  3.72494  3.29354  2.67741  2.69355  4.24690  2.90347  2.73739  3.18146  2.89801  2.37887  2.77519  2.98518  4.58477  3.61503
          0.00851  5.16649  5.88883  0.61958  0.77255  0.48576  0.95510
    108   2.98586  2.82167  3.80927  2.43357  1.87097  3.94851  4.18959  3.24868  3.19485  2.95415  3.84302  3.66219  4.32950  3.50823  2.26241  2.42173  3.21772  3.01890  5.29524  2.49174    177 f - - -
          2.68618  4.42225  2.77519  2.73123  3.46354  2.40513  3.72494  3.29354  2.67741  2.69355  4.24690  2.90347  2.73739  3.18146  2.89801  2.37887  2.77519  2.98518  4.58477  3.61503
          0.00851  5.16649  5.88883  0.61958  0.77255  0.48576  0.95510
    109   2.26528  4.81819  3.83135  3.26866  4.03273  1.81981  4.24423  3.37295  3.16971  2.32459  3.97481  3.68185  4.34847  3.52653  1.71293  3.19303  3.26275  2.35502  5.44587  4.20246    178 r - - -
          2.68618  4.42225  2.77519  2.73123  3.46354  2.40513  3.72494  3.29354  2.67741  2.69355  4.24690  2.90347  2.73739  3.18146  2.89801  2.37887  2.77519  2.98518  4.58477  3.61503
          0.00851  5.16649  5.88883  0.61958  0.77255  0.48576  0.95510
    110   2.10136  5.33185  3.25637  2.17637  2.88713  1.68744  3.97111  4.07400  2.73708  3.62040  4.39891  2.48574  4.16301  3.09243  2.73250  2.97057  3.21099  3.69801  5.80905  4.43580    179 g - - -
          2.68618  4.42225  2.77519  2.73123  3.46354  2.40513  3.72494  3.29354  2.67741  2.69355  4.24690  2.90347  2.73739  3.18146  2.89801  2.37887  2.77519  2.98518  4.58477  3.61503
          0.00851  5.16649  5.88883  0.61958  0.77255  0.48576  0.95510
    111   2.96380  5.20256  2.34137  2.78161  2.10127  3.78407  3.98435  3.87589  2.23435  3.46561  2.32878  3.30519  4.17505  3.12632  2.46748  2.32579  3.19486  3.54147  5.69526  4.35172    180 f - - -
          2.68618  4.42225  2.77519  2.73123  3.46354  2.40513  3.72494  3.29354  2.67741  2.69355  4.24690  2.90347  2.73739  3.18146  2.89801  2.37887  2.77519  2.98518  4.58477  3.61503
          0.00851  5.16649  5.88883  0.61958  0.77255  0.48576  0.95510
    112   3.01130  4.99213  2.52487  2.31437  2.51380  3.86749  4.11862  3.55226  3.01172  3.22893  4.08793  3.46834  4.27252  3.33386  3.44544  2.11539  3.24726  1.50336  5.54085  4.24948    181 v - - -
          2.68618  4.42225  2.77519  2.73123  3.46354  2.40513  3.72494  3.29354  2.67741  2.69355  4.24690  2.90347  2.73739  3.18146  2.89801  2.37887  2.77519  2.98518  4.58477  3.61503
          0.00851  5.16649  5.88883  0.61958  0.77255  0.48576  0.95510
    113   1.36742  5.37841  2.13050  2.77440  4.72452  2.60642  4.06331  4.17432  2.85798  3.72436  2.80013  2.41196  4.22017  3.19160  3.34523  3.03666  3.29227  3.78772  5.91571  4.53848    182 a - - -
          2.68618  4.42225  2.77519  2.73123  3.46354  2.40513  3.72494  3.29354  2.67741  2.69355  4.24690  2.90347  2.73739  3.18146  2.89801  2.37887  2.77519  2.98518  4.58477  3.61503
          0.00851  5.16649  5.88883  0.61958  0.77255  0.48576  0.95510
    114   1.74449  5.28788  3.28516  2.07697  4.57070  3.76214  3.96282  4.01054  2.18677  2.32043  4.35282  3.26617  4.15677  3.08774  3.20433  2.34578  2.45192  3.64569  5.76790  4.40318    183 a - - -
          2.68618  4.42225  2.77519  2.73123  3.46354  2.40513  3.72494  3.29354  2.67741  2.69355  4.24690  2.90347  2.73739  3.18146  2.89801  2.37887  2.77519  2.98518  4.58477  3.61503
          0.00851  5.16649  5.88883  0.61958  0.77255  0.48576  0.95510
    115   2.96498  5.42380  3.22281  2.15756  4.75069  3.74097  3.93043  4.22132  1.65419  3.72009  2.64262  2.46801  2.81910  3.03436  3.15011  2.93654  2.20463  3.80501  5.86699  4.47085    184 k - - -
          2.68618  4.42225  2.77519  2.73123  3.46354  2.40513  3.72494  3.29354  2.67741  2.69355  4.24690  2.90347  2.73739  3.18146  2.89801  2.37887  2.77519  2.98518  4.58477  3.61503
          0.00851  5.16649  5.88883  0.61958  0.77255  0.48576  0.95510
    116   3.11967  4.56719  4.69139  4.10683  3.52842  4.22741  4.51840  2.94583  3.94214  2.03553  1.43966  4.25929  4.59551  4.15195  4.08004  1.66060  3.35629  2.79610  2.78577  3.86858    185 m - - -
          2.68618  4.42225  2.77519  2.73123  3.46354  2.40513  3.72494  3.29354  2.67741  2.69355  4.24690  2.90347  2.73739  3.18146  2.89801  2.37887  2.77519  2.98518  4.58477  3.61503
          0.00851  5.16649  5.88883  0.61958  0.77255  0.48576  0.95510
    117   2.96711  5.18176  3.34564  2.21952  4.42595  2.68377  3.99615  3.84486  2.79044  2.56860  1.97463  3.31772  4.18266  2.17079  3.25342  2.19774  3.19902  3.51749  5.68242  4.34433    186 m - - -
          2.68618  4.42225  2.77519  2.73123  3.46354  2.40513  3.72494  3.29354  2.67741  2.69355  4.24690  2.90347  2.73739  3.18146  2.89801  2.37887  2.77519  2.98518  4.58477  3.61503
          0.00851  5.16649  5.88883  0.61958  0.77255  0.48576  0.95510
    118   3.02749  5.45523  3.28003  1.63992  4.78343  3.79184  3.96764  4.24197  2.66554  2.33092  4.50570  3.27098  2.19987  2.21230  2.38795  3.00172  3.25487  3.83824  5.88785  4.51071    187 e - - -
          2.68618  4.42225  2.77519  2.73123  3.46354  2.40513  3.72494  3.29354  2.67741  2.69355  4.24690  2.90347  2.73739  3.18146  2.89801  2.37887  2.77519  2.98518  4.58477  3.61503
          0.00851  5.16649  5.88883  0.61958  0.77255  0.48576  0.95510
    119   3.00920  4.74043  3.87283  3.29938  3.87486  3.97579  2.38591  2.42037  3.18682  1.76653  3.84192  3.70437  4.35538  3.53705  2.54954  1.74096  3.23975  3.01576  5.31171  4.07492    188 s - - -
          2.68618  4.42225  2.77519  2.73123  3.46354  2.40513  3.72494  3.29354  2.67741  2.69355  4.24690  2.90347  2.73739  3.18146  2.89801  2.37887  2.77519  2.98518  4.58477  3.61503
          0.00851  5.16649  5.88883  0.61958  0.77255  0.48576  0.95510
    120   1.91927  4.57217  4.82183  4.24708  3.72490  4.31530  2.46620  1.55089  4.09764  2.72669  3.71018  4.38390  4.68766  4.30653  4.22907  3.62881  3.39951  1.39299  5.29128  4.09880    189 v - - -
          2.68618  4.42225  2.77519  2.73123  3.46354  2.40513  3.72494  3.29354  2.67741  2.69355  4.24690  2.90347  2.73739  3.18146  2.89801  2.37887  2.77519  2.98518  4.58477  3.61503
          0.00851  5.16649  5.88883  0.61958  0.77255  0.48576  0.95510
    121   2.33553  5.33663  3.25368  1.66174  4.63384  2.65077  3.95741  4.08357  2.71904  2.43958  4.39848  3.24942  4.15230  2.40337  3.20010  2.95714  2.19763  3.70269  5.80810  4.43170    190 e - - -
          2.68618  4.42225  2.77519  2.73123  3.46354  2.40513  3.72494  3.29354  2.67741  2.69355  4.24690  2.90347  2.73739  3.18146  2.89801  2.37887  2.77519  2.98518  4.58477  3.61503
          0.00851  5.16649  5.88883  0.61958  0.77255  0.48576  0.95510
    122   2.97171  4.95743  2.58378  2.96683  2.76757  3.85361  4.07878  3.52832  2.95432  1.77717  4.04388  3.45311  2.43978  2.45136  3.38457  3.07524  2.27001  3.25890  5.49913  4.21086    191 l - - -
          2.68618  4.42225  2.77519  2.73123  3.46354  2.40513  3.72494  3.29354  2.67741  2.69355  4.24690  2.90347  2.73739  3.18146  2.89801  2.37887  2.77519  2.98518  4.58477  3.61503
          0.00851  5.16649  5.88883  0.61958  0.77255  0.48576  0.95510
    123   2.98518  4.68819  3.89252  3.32646  2.63876  2.35180  4.22425  3.18501  3.27453  2.89898  3.79504  3.72152  2.54309  1.82013  3.61868  3.21832  3.21830  2.27395  2.93283  4.01429    192 q - - -
          2.68618  4.42225  2.77519  2.73123  3.46354  2.40513  3.72494  3.29354  2.67741  2.69355  4.24690  2.90347  2.73739  3.18146  2.89801  2.37887  2.77519  2.98518  4.58477  3.61503
          0.00851  5.16649  5.88883  0.61958  0.77255  0.48576  0.95510
    124   2.97253  4.80605  3.70448  3.14450  2.48271  1.88309  4.16039  3.34607  3.11268  3.03959  2.69984  3.58752  4.29496  2.49196  3.50389  2.38998  2.15842  3.10155  5.38475  4.12918    193 g - - -
          2.68618  4.42225  2.77519  2.73123  3.46354  2.40513  3.72494  3.29354  2.67741  2.69355  4.24690  2.90347  2.73739  3.18146  2.89801  2.37887  2.77519  2.98518  4.58477  3.61503
          0.00851  5.16649  5.88883  0.61958  0.77255  0.48576  0.95510
    125   2.10502  5.22229  2.81826  2.44426  2.87607  3.77303  3.97486  3.90691  2.75956  3.48949  4.28827  3.28833  4.16503  1.78825  3.23105  2.97433  2.28861  2.62671  5.71258  4.36211    194 q - - -
          2.68618  4.42225  2.77519  2.73123  3.46354  2.40513  3.72494  3.29354  2.67741  2.69355  4.24690  2.90347  2.73739  3.18146  2.89801  2.37887  2.77519  2.98518  4.58477  3.61503
          0.00851  5.16649  5.88883  0.61958  0.77255  0.48576  0.95510
    126   2.12839  4.44633  4.56105  3.97174  3.54884  2.68873  4.42646  2.89425  3.83446  2.64561  3.56811  4.13388  4.47895  4.03807  3.98080  3.39910  2.40817  1.57295  2.81398  2.29560    195 v - - -
          2.68618  4.42225  2.77519  2.73123  3.46354  2.40513  3.72494  3.29354  2.67741  2.69355  4.24690  2.90347  2.73739  3.18146  2.89801  2.37887  2.77519  2.98518  4.58477  3.61503
          0.00851  5.16649  5.88883  0.61958  0.77255  0.48576  0.95510
    127   3.34045  5.38922  3.87377  3.22701  4.54122  4.12114  4.16094  4.03085  2.66933  3.58993  2.62439  3.67102  4.48358  2.06888  1.05344  3.39271  3.53885  3.74948  5.74314  2.67756    196 r - - -
          2.68618  4.42225  2.77519  2.73123  3.46354  2.40513  3.72494  3.29354  2.67741  2.69355  4.24690  2.90347  2.73739  3.18146  2.89801  2.37887  2.77519  2.98518  4.58477  3.61503
          0.00851  5.16649  5.88883  0.61958  0.77255  0.48576  0.95510
    128   2.27720  4.94092  3.61995  3.07437  4.22201  2.40639  4.17372  3.60622  3.05942  2.43085  4.12682  1.77787  4.27359  3.39006  3.48131  2.07801  3.23521  2.41169  5.58182  4.30170    197 n - - -
          2.68618  4.42225  2.77519  2.73123  3.46354  2.40513  3.72494  3.29354  2.67741  2.69355  4.24690  2.90347  2.73739  3.18146  2.89801  2.37887  2.77519  2.98518  4.58477  3.61503
          0.00851  5.16649  5.88883  0.61958  0.77255  0.48576  0.95510
    129   2.59103  4.75154  3.85103  2.18895  2.32149  3.97796  4.22157  3.23608  3.20985  1.42951  3.83458  3.70015  4.35794  3.54103  2.35331  3.22665  3.24458  3.01899  5.31983  4.08045    198 l - - -
          2.68618  4.42225  2.77519  2.73123  3.46354  2.40513  3.72494  3.29354  2.67741  2.69355  4.24690  2.90347  2.73739  3.18146  2.89801  2.37887  2.77519  2.98518  4.58477  3.61503
          0.00851  5.16649  5.88883  0.61958  0.77255  0.48576  0.95510
    130   2.99978  2.76257  4.58281  2.32006  1.94008  4.12032  4.42497  2.88441  3.85078  1.79263  3.55845  4.14760  4.48797  4.05000  3.99023  3.41360  2.41110  2.69434  5.04610  2.59171    199 l - - -
          2.68618  4.42225  2.77519  2.73123  3.46354  2.40513  3.72494  3.29354  2.67741  2.69355  4.24690  2.90347  2.73739  3.18146  2.89801  2.37887  2.77519  2.98518  4.58477  3.61503
          0.00851  5.16649  5.88883  0.61958  0.77255  0.48576  0.95510
    131   2.14870  4.62227  4.01907  3.44841  3.74634  4.00423  4.27396  3.08849  3.38248  2.19608  2.16165  2.65091  4.38137  2.27893  3.69336  3.26218  3.21972  1.89910  5.21797  3.99957    200 v - - -
          2.68618  4.42225  2.77519  2.73123  3.46354  2.40513  3.72494  3.29354  2.67741  2.69355  4.24690  2.90347  2.73739  3.18146  2.89801  2.37887  2.77519  2.98518  4.58477  3.61503
          0.00851  5.16649  5.88883  0.61958  0.77255  0.48576  0.95510
    132   3.00393  4.63031  4.03963  2.01421  3.74372  4.02307  4.29292  3.07115  3.41007  2.21961  3.73501  3.83155  4.40048  3.69501  3.71698  3.28447  2.24064  2.00257  5.22269  1.86347    201 y - - -
          2.68618  4.42225  2.77519  2.73123  3.46354  2.40513  3.72494  3.29354  2.67741  2.69355  4.24690  2.90347  2.73739  3.18146  2.89801  2.37887  2.77519  2.98518  4.58477  3.61503
          0.00851  5.16649  5.88883  0.61958  0.77255  0.48576  0.95510
    133   3.01900  4.81489  4.04093  3.49998  4.16687  3.90756  4.42796  3.48285  3.37380  3.22779  4.11556  3.84120  4.41016  3.73385  2.49237  2.31217  1.34933  1.55323  5.58702  4.35916    202 t - - -
          2.68618  4.42225  2.77519  2.73123  3.46354  2.40513  3.72494  3.29354  2.67741  2.69355  4.24690  2.90347  2.73739  3.18146  2.89801  2.37887  2.77519  2.98518  4.58477  3.61503
          0.00851  5.16649  5.88883  0.61958  0.77255  0.48576  0.95510
    134   2.33534  5.39235  2.48008  2.68593  4.71850  3.74052  3.94472  4.18358  2.69553  3.69688  4.45464  2.21011  4.14084  3.05309  2.42469  1.73850  3.19747  2.48607  5.85624  4.46451    203 s - - -
          2.68618  4.42225  2.77519  2.73123  3.46354  2.40513  3.72494  3.29354  2.67741  2.69355  4.24690  2.90347  2.73739  3.18146  2.89801  2.37887  2.77519  2.98518  4.58477  3.61503
          0.00851  5.16649  5.88883  0.61958  0.77255  0.48576  0.95510
    135   3.08464  5.03286  3.53923  1.62409  4.10034  3.93136  4.15728  3.58413  3.04449  1.44654  4.11449  2.51277  4.33634  3.39835  3.44801  3.19355  3.31790  3.33012  2.90305  4.17276    204 l - - -
          2.68618  4.42225  2.77519  2.73123  3.46354  2.40513  3.72494  3.29354  2.67741  2.69355  4.24690  2.90347  2.73739  3.18146  2.89801  2.37887  2.77519  2.98518  4.58477  3.61503
          0.00851  5.16649  5.88883  0.61958  0.77255  0.48576  0.95510
    136   2.28247  4.60828  4.05515  2.33179  1.83567  4.01596  4.28618  2.35371  2.49357  1.98014  3.71084  3.83307  4.39127  3.69489  3.71391  3.27613  3.22237  2.86147  5.20355  3.98778    205 f - - -
          2.68618  4.42225  2.77519  2.73123  3.46354  2.40513  3.72494  3.29354  2.67741  2.69355  4.24690  2.90347  2.73739  3.18146  2.89801  2.37887  2.77519  2.98518  4.58477  3.61503
          0.00851  5.16649  5.88883  0.61958  0.77255  0.48576  0.95510
    137   2.98279  4.80863  2.58999  2.39280  2.36636  3.91705  4.15804  1.78833  3.11540  2.17608  3.89946  3.58721  4.30117  2.53430  3.50706  3.15316  3.21464  3.08414  5.37399  4.11818    206 i - - -
          2.68618  4.42225  2.77519  2.73123  3.46354  2.40513  3.72494  3.29354  2.67741  2.69355  4.24690  2.90347  2.73739  3.18146  2.89801  2.37887  2.77519  2.98518  4.58477  3.61503
          0.00851  5.16649  5.88883  0.61958  0.77255  0.48576  0.95510
    138   3.00130  4.89352  3.65667  3.08606  2.49997  3.90980  4.12281  3.43999  1.70483  3.11675  2.70391  3.54564  4.29160  3.36555  2.21600  2.40163  3.23035  3.18766  2.90427  4.16376    207 k - - -
          2.68618  4.42225  2.77519  2.73123  3.46354  2.40513  3.72494  3.29354  2.67741  2.69355  4.24690  2.90347  2.73739  3.18146  2.89801  2.37887  2.77519  2.98518  4.58477  3.61503
          0.00851  5.16649  5.88883  0.61958  0.77255  0.48576  0.95510
    139   2.98661  5.35186  2.20191  2.72424  4.64875  3.76555  3.97371  2.73491  2.73434  3.63884  4.41614  2.48205  4.16794  3.09361  2.28101  2.97732  1.54926  3.71627  5.82381  4.44881    208 t - - -
          2.68618  4.42225  2.77519  2.73123  3.46354  2.40513  3.72494  3.29354  2.67741  2.69355  4.24690  2.90347  2.73739  3.18146  2.89801  2.37887  2.77519  2.98518  4.58477  3.61503
          0.00851  5.16649  5.88883  0.61958  0.77255  0.48576  0.95510
    140   3.21997  5.71383  1.73382  2.75878  5.05563  1.80719  2.59093  4.54517  2.88123  4.02114  4.79142  3.31329  4.30781  3.24192  1.66775  3.16564  3.46258  4.11565  6.14713  4.73304    209 r - - -
          2.68618  4.42225  2.77519  2.73123  3.46354  2.40513  3.72494  3.29354  2.67741  2.69355  4.24690  2.90347  2.73739  3.18146  2.89801  2.37887  2.77519  2.98518  4.58477  3.61503
          0.00851  5.16649  5.88883  0.61958  0.77255  0.48576  0.95510
    141   3.08613  4.50591  4.79819  4.21412  3.64240  1.95328  4.60280  1.54179  4.06060  2.09130  3.64061  4.32320  4.61008  4.24868  4.17091  2.45072  3.32922  1.81748  5.18954  4.00434    210 i - - -
          2.68618  4.42225  2.77519  2.73123  3.46354  2.40513  3.72494  3.29354  2.67741  2.69355  4.24690  2.90347  2.73739  3.18146  2.89801  2.37887  2.77519  2.98518  4.58477  3.61503
          0.00851  5.16649  5.88883  0.61958  0.77255  0.48576  0.95510
    142   2.98541  4.81103  3.71730  3.15019  3.96473  3.92010  4.15345  3.33763  3.08780  2.33810  3.90980  2.27850  4.30270  3.42670  1.81562  2.37603  3.21662  2.20974  2.96031  4.11933    211 r - - -
          2.68618  4.42225  2.77519  2.73123  3.46354  2.40513  3.72494  3.29354  2.67741  2.69355  4.24690  2.90347  2.73739  3.18146  2.89801  2.37887  2.77519  2.98518  4.58477  3.61503
          0.00851  5.16649  5.88883  0.61958  0.77255  0.48576  0.95510
    143   2.49099  5.35504  3.25434  2.71846  4.67153  2.63927  3.96803  4.12683  2.72524  3.65979  4.43019  1.68186  2.78572  2.03642  3.20511  2.96317  3.21080  3.73670  3.15393  4.45583    212 n - - -
          2.68618  4.42225  2.77519  2.73123  3.46354  2.40513  3.72494  3.29354  2.67741  2.69355  4.24690  2.90347  2.73739  3.18146  2.89801  2.37887  2.77519  2.98518  4.58477  3.61503
          0.00851  5.16649  5.88883  0.61958  0.77255  0.48576  0.95510
    144   3.01613  5.26934  3.38724  2.85173  4.60045  1.60448  4.05387  4.04321  2.80198  3.61247  4.41018  2.53910  4.22526  3.19137  2.41840  1.96611  3.26464  3.68083  2.66087  4.46438    213 g - - -
          2.68618  4.42225  2.77519  2.73123  3.46354  2.40513  3.72494  3.29354  2.67741  2.69355  4.24690  2.90347  2.73739  3.18146  2.89801  2.37887  2.77519  2.98518  4.58477  3.61503
          0.00851  5.16649  5.88883  0.61958  0.77255  0.48576  0.95510
    145   3.06637  4.54825  4.48949  3.90565  2.49362  2.43625  4.38705  2.26728  3.74546  2.72607  3.65974  4.11026  4.52018  3.99557  2.27338  3.43974  3.29858  2.80499  1.56691  3.74462    214 w - - -
          2.68618  4.42225  2.77519  2.73123  3.46354  2.40513  3.72494  3.29354  2.67741  2.69355  4.24690  2.90347  2.73739  3.18146  2.89801  2.37887  2.77519  2.98518  4.58477  3.61503
          0.00851  5.16649  5.88883  0.61958  0.77255  0.48576  0.95510
    146   2.29298  4.73674  3.88730  3.31209  3.88083  3.98761  4.22823  2.13504  1.73645  2.28683  3.83850  3.71700  4.36473  3.55062  2.34942  3.23588  3.24350  2.29335  5.32174  4.08924    215 k - - -
          2.68618  4.42225  2.77519  2.73123  3.46354  2.40513  3.72494  3.29354  2.67741  2.69355  4.24690  2.90347  2.73739  3.18146  2.89801  2.37887  2.77519  2.98518  4.58477  3.61503
          0.00851  5.16649  5.88883  0.61958  0.77255  0.48576  0.95510
    147   2.99480  5.01377  3.50336  1.46331  4.21800  3.86552  4.08963  2.37197  2.94039  3.24187  4.10179  3.45031  4.25591  2.46411  3.37490  3.08771  2.45103  2.18313  5.56567  4.26921    216 e - - -
          2.68618  4.42225  2.77519  2.73123  3.46354  2.40513  3.72494  3.29354  2.67741  2.69355  4.24690  2.90347  2.73739  3.18146  2.89801  2.37887  2.77519  2.98518  4.58477  3.61503
          0.00851  5.16649  5.88883  0.61958  0.77255  0.48576  0.95510
    148   2.03848  4.43295  4.76948  4.17150  2.45169  4.16570  1.86466  2.86535  3.99972  2.07999  3.54539  4.25004  4.53031  4.16715  4.08111  3.46812  3.25654  1.97426  2.82451  3.77363    217 h - - -
          2.68618  4.42225  2.77519  2.73123  3.46354  2.40513  3.72494  3.29354  2.67741  2.69355  4.24690  2.90347  2.73739  3.18146  2.89801  2.37887  2.77519  2.98518  4.58477  3.61503
          0.00851  5.16649  5.88883  0.61958  0.77255  0.48576  0.95510
    149   2.14233  4.56076  4.16387  3.58959  2.26852  4.03541  4.31488  3.02753  3.51046  2.76157  2.58328  1.85245  4.41114  3.77363  3.78032  3.30387  2.38449  2.82228  5.15157  2.68026    218 n - - -
          2.68618  4.42225  2.77519  2.73123  3.46354  2.40513  3.72494  3.29354  2.67741  2.69355  4.24690  2.90347  2.73739  3.18146  2.89801  2.37887  2.77519  2.98518  4.58477  3.61503
          0.00851  5.16649  5.88883  0.61958  0.77255  0.48576  0.95510
    150   2.25905  4.64719  4.07512  3.51018  1.75201  2.66442  4.32491  3.15759  3.41898  2.88948  3.79471  3.84898  4.39972  3.72019  1.79057  3.26772  3.24825  2.25098  5.27363  4.05238    219 f - - -
          2.68618  4.42225  2.77519  2.73123  3.46354  2.40513  3.72494  3.29354  2.67741  2.69355  4.24690  2.90347  2.73739  3.18146  2.89801  2.37887  2.77519  2.98518  4.58477  3.61503
          0.00851  5.16649  5.88883  0.61958  0.77255  0.48576  0.95510
    151   3.00777  5.12272  2.50886  2.88094  2.54548  3.82893  4.06639  3.75285  2.91168  2.46906  4.21564  2.49771  4.23716  3.24598  3.36692  1.36835  3.24534  3.45125  5.62678  4.29104    220 s - - -
          2.68618  4.42225  2.77519  2.73123  3.46354  2.40513  3.72494  3.29354  2.67741  2.69355  4.24690  2.90347  2.73739  3.18146  2.89801  2.37887  2.77519  2.98518  4.58477  3.61503
          0.00851  5.16649  5.88883  0.61958  0.77255  0.48576  0.95510
    152   3.58430  5.09885  4.60954  2.23324  1.88071  2.56345  4.27703  3.61167  4.02714  3.22697  4.22692  4.29832  4.88946  4.22568  4.26413  3.82028  3.81225  3.42283  1.63893  1.68272    221 w - - -
          2.68618  4.42225  2.77519  2.73123  3.46354  2.40513  3.72494  3.29354  2.67741  2.69355  4.24690  2.90347  2.73739  3.18146  2.89801  2.37887  2.77519  2.98518  4.58477  3.61503
          0.00851  5.16649  5.88883  0.61958  0.77255  0.48576  0.95510
    153   1.64512  4.81385  2.67024  3.19773  2.44793  1.88563  4.21397  3.36134  3.19202  2.32672  3.94598  3.63096  4.32663  3.50039  3.57810  3.17449  3.24438  3.11792  5.40981  4.15168    222 a - - -
          2.68618  4.42225  2.77519  2.73123  3.46354  2.40513  3.72494  3.29354  2.67741  2.69355  4.24690  2.90347  2.73739  3.18146  2.89801  2.37887  2.77519  2.98518  4.58477  3.61503
          0.00851  5.16649  5.88883  0.61958  0.77255  0.48576  0.95510
    154   3.45253  5.96364  1.20308  2.05852  5.26151  1.56343  4.33480  2.62260  3.27135  4.26200  5.07652  3.35362  4.44775  3.48296  3.83402  3.37124  3.72163  4.33001  6.43695  4.97214    223 d - - -
          2.68618  4.42225  2.77519  2.73123  3.46354  2.40513  3.72494  3.29354  2.67741  2.69355  4.24690  2.90347  2.73739  3.18146  2.89801  2.37887  2.77519  2.98518  4.58477  3.61503
          0.00851  5.16649  5.88883  0.61958  0.77255  0.48576  0.95510
    155   2.07370  5.09029  3.41269  2.27919  1.90787  1.97320  2.71662  3.71483  2.94685  3.35300  4.19413  3.41961  4.25339  3.28104  3.39333  3.08493  3.25516  3.42078  5.61721  4.29654    224 f - - -
          2.68618  4.42225  2.77519  2.73123  3.46354  2.40513  3.72494  3.29354  2.67741  2.69355  4.24690  2.90347  2.73739  3.18146  2.89801  2.37887  2.77519  2.98518  4.58477  3.61503
          0.00851  5.16649  5.88883  0.61958  0.77255  0.48576  0.95510
    156   2.27558  4.50542  4.39767  2.62945  3.61234  4.10188  4.40373  2.91158  3.70750  1.91072  1.79180  4.05387  4.47216  3.94076  3.91332  3.38467  2.40438  2.00654  5.12388  3.92896    225 m - - -
          2.68618  4.42225  2.77519  2.73123  3.46354  2.40513  3.72494  3.29354  2.67741  2.69355  4.24690  2.90347  2.73739  3.18146  2.89801  2.37887  2.77519  2.98518  4.58477  3.61503
          0.00851  5.16649  5.88883  0.61958  0.77255  0.48576  0.95510
    157   2.30549  2.41154  4.31121  3.72980  3.62750  4.06679  4.36435  2.96528  2.12010  1.77127  2.36073  3.99255  4.44133  3.87258  3.84901  3.34558  2.46911  2.76670  5.12667  3.92809    226 l - - -
          2.68618  4.42225  2.77519  2.73123  3.46354  2.40513  3.72494  3.29354  2.67741  2.69355  4.24690  2.90347  2.73739  3.18146  2.89801  2.37887  2.77519  2.98518  4.58477  3.61503
          0.00851  5.16649  5.88883  0.61958  0.77255  0.48576  0.95510
    158   2.98845  2.60601  3.81189  2.40992  3.88843  3.95013  4.19215  3.24764  3.17169  1.68814  3.84486  3.66171  4.32997  2.53987  2.56490  3.19273  3.21930  2.08352  5.31994  4.08062    227 l - - -
          2.68618  4.42225  2.77519  2.73123  3.46354  2.40513  3.72494  3.29354  2.67741  2.69355  4.24690  2.90347  2.73739  3.18146  2.89801  2.37887  2.77519  2.98518  4.58477  3.61503
          0.00851  5.16649  5.88883  0.61958  0.77255  0.48576  0.95510
    159   3.00351  5.37374  3.26091  1.67263  4.69313  1.88095  3.99070  4.14261  2.74082  3.67840  4.45351  3.27592  2.76853  3.10939  2.44495  2.99288  3.24028  2.44328  5.85553  4.48076    228 e - - -
          2.68618  4.42225  2.77519  2.73123  3.46354  2.40513  3.72494  3.29354  2.67741  2.69355  4.24690  2.90347  2.73739  3.18146  2.89801  2.37887  2.77519  2.98518  4.58477  3.61503
          0.00851  5.16649  5.88883  0.61958  0.77255  0.48576  0.95510
    160   2.32196  5.43202  3.22119  2.04854  4.76229  3.74006  3.92810  4.23516  2.21293  3.72946  4.47829  3.21450  4.13454  1.74864  3.14476  2.10020  3.19576  3.81511  3.04811  4.47464    229 q - - -
          2.68618  4.42225  2.77519  2.73123  3.46354  2.40513  3.72494  3.29354  2.67741  2.69355  4.24690  2.90347  2.73739  3.18146  2.89801  2.37887  2.77519  2.98518  4.58477  3.61503
          0.00851  5.16649  5.88883  0.61958  0.77255  0.48576  0.95510
    161   3.00876  5.09505  3.49270  2.92523  4.31729  3.85631  4.05404  3.71096  2.83392  3.34113  2.76077  3.42191  4.24423  1.77034  1.99754  2.20475  3.23832  2.23283  5.61260  4.31150    230 q - - -
          2.68618  4.42225  2.77519  2.73123  3.46354  2.40513  3.72494  3.29354  2.67741  2.69355  4.24690  2.90347  2.73739  3.18146  2.89801  2.37887  2.77519  2.98518  4.58477  3.61503
          0.00851  5.16649  5.88883  0.61958  0.77255  0.48576  0.95510
    162   2.96359  5.36726  2.21982  2.19487  4.67086  3.74895  3.94284  4.12739  2.69391  3.65361  2.00871  3.23452  4.14365  2.38701  2.42513  2.94687  3.19481  2.47970  5.82456  4.44115    231 m - - -
          2.68618  4.42225  2.77519  2.73123  3.46354  2.40513  3.72494  3.29354  2.67741  2.69355  4.24690  2.90347  2.73739  3.18146  2.89801  2.37887  2.77519  2.98518  4.58477  3.61503
          0.00851  5.16649  5.88883  0.61958  0.77255  0.48576  0.95510
    163   3.05390  5.51952  3.21953  2.16587  4.85770  2.65610  3.98740  4.32737  1.28889  2.61964  4.57084  2.26881  4.19855  3.09397  3.16076  3.01814  3.28446  3.90834  5.94875  4.55686    232 k - - -
          2.68618  4.42225  2.77519  2.73123  3.46354  2.40513  3.72494  3.29354  2.67741  2.69355  4.24690  2.90347  2.73739  3.18146  2.89801  2.37887  2.77519  2.98518  4.58477  3.61503
          0.00851  5.16649  5.88883  0.61958  0.77255  0.48576  0.95510
    164   3.43124  5.90675  3.18665  1.12621  5.28723  3.96712  4.22733  4.75381  2.87244  4.19449  4.99149  1.85497  4.44953  3.35175  1.67180  3.36219  3.66473  4.33174  6.28280  4.90922    233 e - - -
          2.68618  4.42225  2.77519  2.73123  3.46354  2.40513  3.72494  3.29354  2.67741  2.69355  4.24690  2.90347  2.73739  3.18146  2.89801  2.37887  2.77519  2.98518  4.58477  3.61503
          0.00851  5.16649  5.88883  0.61958  0.77255  0.48576  0.95510
    165   3.02000  5.39384  1.76516  1.71663  4.67803  2.64740  3.99997  4.13255  2.78038  3.67476  2.45421  3.26377  4.18808  3.12288  3.26783  3.00575  3.25500  3.75425  3.00307  4.47777    234 e - - -
          2.68618  4.42225  2.77519  2.73123  3.46354  2.40513  3.72494  3.29354  2.67741  2.69355  4.24690  2.90347  2.73739  3.18146  2.89801  2.37887  2.77519  2.98518  4.58477  3.61503
          0.00851  5.16649  5.88883  0.61958  0.77255  0.48576  0.95510
    166   2.31964  4.83557  3.69273  3.14192  3.99177  2.11673  4.16385  3.38011  3.10217  3.06903  2.46456  3.58765  4.30463  2.22002  3.49093  3.15235  3.22792  3.13392  5.40080  1.89713    235 y - - -
          2.68618  4.42225  2.77519  2.73123  3.46354  2.40513  3.72494  3.29354  2.67741  2.69355  4.24690  2.90347  2.73739  3.18146  2.89801  2.37887  2.77519  2.98518  4.58477  3.61503
          0.00851  5.16649  5.88883  0.61958  0.77255  0.48576  0.95510
    167   2.98049  5.20255  3.33161  1.67171  4.45048  3.79178  4.00954  3.87538  2.80687  3.47201  4.28149  2.46894  4.19198  3.15680  3.27202  1.84961  3.21499  2.29007  2.99692  4.36263    236 e - - -
          2.68618  4.42225  2.77519  2.73123  3.46354  2.40513  3.72494  3.29354  2.67741  2.69355  4.24690  2.90347  2.73739  3.18146  2.89801  2.37887  2.77519  2.98518  4.58477  3.61503
          0.00851  5.16649  5.88883  0.61958  0.77255  0.48576  0.95510
    168   3.03116  5.30209  3.39479  2.23338  4.57854  3.83213  3.99953  4.00259  1.86561  1.90276  4.36582  3.34206  2.54319  3.13203  2.44986  3.04200  3.25618  3.65671  2.93873  4.42965    237 k - - -
          2.68618  4.42225  2.77519  2.73123  3.46354  2.40513  3.72494  3.29354  2.67741  2.69355  4.24690  2.90347  2.73739  3.18146  2.89801  2.37887  2.77519  2.98518  4.58477  3.61503
          0.00851  5.16649  5.88883  0.61958  0.77255  0.48576  0.95510
    169   1.66574  5.01556  3.49667  1.96839  4.21819  3.85393  4.07347  3.57492  2.29839  2.28269  4.10262  3.43763  4.24393  3.26685  3.34635  3.07466  3.21874  2.20367  5.55616  4.26029    238 a - - -
          2.68618  4.42225  2.77519  2.73123  3.46354  2.40513  3.72494  3.29354  2.67741  2.69355  4.24690  2.90347  2.73739  3.18146  2.89801  2.37887  2.77519  2.98518  4.58477  3.61503
          0.00851  5.16649  5.88883  0.61958  0.77255  0.48576  0.95510
    170   2.96172  5.13193  3.37908  2.30378  2.84132  3.79799  4.00596  3.77476  1.93808  3.38857  4.20757  3.33840  4.18880  3.16298  3.27078  1.78409  2.45782  2.38112  5.64229  4.31441    239 s - - -
          2.68618  4.42225  2.77519  2.73123  3.46354  2.40513  3.72494  3.29354  2.67741  2.69355  4.24690  2.90347  2.73739  3.18146  2.89801  2.37887  2.77519  2.98518  4.58477  3.61503
          0.00851  5.16649  5.88883  0.61958  0.77255  0.48576  0.95510
    171   2.37284  5.23382  1.61030  2.89187  4.53939  3.83250  4.11926  3.88127  2.92254  3.54702  4.37495  3.40492  4.26897  3.27557  2.16331  3.09484  3.30673  1.68495  5.80708  4.47293    240 d - - -
          2.68618  4.42225  2.77519  2.73123  3.46354  2.40513  3.72494  3.29354  2.67741  2.69355  4.24690  2.90347  2.73739  3.18146  2.89801  2.37887  2.77519  2.98518  4.58477  3.61503
          0.00851  5.16649  5.88883  0.61958  0.77255  0.48576  0.95510
    172   2.00082  5.16638  3.35412  2.29134  4.40724  2.68872  3.99251  2.38353  2.78923  2.56611  4.23744  2.33464  4.17911  3.14132  2.45400  2.99250  3.19139  3.49949  5.66808  4.33193    241 a - - -
          2.68618  4.42225  2.77519  2.73123  3.46354  2.40513  3.72494  3.29354  2.67741  2.69355  4.24690  2.90347  2.73739  3.18146  2.89801  2.37887  2.77519  2.98518  4.58477  3.61503
          0.00851  5.16649  5.88883  0.61958  0.77255  0.48576  0.95510
    173   2.09182  5.00701  3.48142  1.97195  4.20656  3.83876  4.05546  2.41039  2.34345  2.46059  4.09129  3.41866  4.22654  3.24723  3.34131  3.05384  2.00591  3.30623  5.54211  4.24373    242 e - - -
          2.68618  4.42225  2.77519  2.73123  3.46354  2.40513  3.72494  3.29354  2.67741  2.69355  4.24690  2.90347  2.73739  3.18146  2.89801  2.37887  2.77519  2.98518  4.58477  3.61503
          0.00851  5.16649  5.88883  0.61958  0.77255  0.48576  0.95510
    174   1.91825  5.01934  3.46953  1.96233  4.23470  2.69115  4.06476  3.62936  2.91566  3.27637  4.11800  3.41756  4.22670  3.25422  3.35761  2.43038  3.20613  2.06904  5.56569  2.79369    243 a - - -
          2.68618  4.42225  2.77519  2.73123  3.46354  2.40513  3.72494  3.29354  2.67741  2.69355  4.24690  2.90347  2.73739  3.18146  2.89801  2.37887  2.77519  2.98518  4.58477  3.61503
          0.00851  5.16649  5.88883  0.61958  0.77255  0.48576  0.95510
    175   2.25913  4.60002  4.49358  3.95448  3.72244  1.45061  4.52575  3.11994  3.82223  1.62234  3.78172  4.13714  4.51678  4.07221  4.01583  3.38998  3.32799  2.91659  2.34593  4.01389    244 g - - -
          2.68618  4.42225  2.77519  2.73123  3.46354  2.40513  3.72494  3.29354  2.67741  2.69355  4.24690  2.90347  2.73739  3.18146  2.89801  2.37887  2.77519  2.98518  4.58477  3.61503
          0.00851  5.16649  5.88883  0.61958  0.77255  0.48576  0.95510
    176   3.01063  4.81281  3.77550  3.19898  3.96772  3.94919  4.17079  3.33320  1.68289  3.02786  2.33888  3.63061  4.32817  3.45035  2.57759  3.18993  2.40248  2.37176  2.65296  4.13024    245 k - - -
          2.68618  4.42225  2.77519  2.73123  3.46354  2.40513  3.72494  3.29354  2.67741  2.69355  4.24690  2.90347  2.73739  3.18146  2.89801  2.37887  2.77519  2.98518  4.58477  3.61503
          0.00851  5.16649  5.88883  0.61958  0.77255  0.48576  0.95510
    177   1.75185  5.20437  3.40856  2.85807  4.51320  2.61547  4.04477  3.93338  2.80929  3.52352  2.54639  2.48605  4.21575  3.19010  1.76218  3.02756  3.23920  3.59080  5.74975  4.41740    246 a - - -
          2.68618  4.42225  2.77519  2.73123  3.46354  2.40513  3.72494  3.29354  2.67741  2.69355  4.24690  2.90347  2.73739  3.18146  2.89801  2.37887  2.77519  2.98518  4.58477  3.61503
          0.00851  5.16649  5.88883  0.61958  0.77255  0.48576  0.95510
    178   1.84495  4.79773  3.90902  3.35680  4.00691  3.95955  4.29573  3.33234  2.44401  1.61601  3.95598  3.74905  4.38530  3.60127  3.57628  3.23727  1.64709  3.09739  5.43856  4.20565    247 l - - -
          2.68618  4.42225  2.77519  2.73123  3.46354  2.40513  3.72494  3.29354  2.67741  2.69355  4.24690  2.90347  2.73739  3.18146  2.89801  2.37887  2.77519  2.98518  4.58477  3.61503
          0.00851  5.16649  5.88883  0.61958  0.77255  0.48576  0.95510
    179   2.33923  5.37501  3.23780  2.05875  4.68458  2.70210  3.93348  4.14547  1.89679  3.66459  4.42573  3.22518  4.13541  2.44159  3.16544  2.93615  3.18684  2.66158  5.82919  2.51765    248 k - - -
          2.68618  4.42225  2.77519  2.73123  3.46354  2.40513  3.72494  3.29354  2.67741  2.69355  4.24690  2.90347  2.73739  3.18146  2.89801  2.37887  2.77519  2.98518  4.58477  3.61503
          0.00851  5.16649  5.88883  0.61958  0.77255  0.48576  0.95510
    180   1.60059  4.78118  3.77216  3.22284  3.94055  3.92097  4.20627  3.32578  3.18985  2.06946  3.91036  2.65213  4.32461  3.50377  3.56576  2.00985  3.23013  3.08506  5.36826  2.48445    249 a - - -
          2.68618  4.42225  2.77519  2.73123  3.46354  2.40513  3.72494  3.29354  2.67741  2.69355  4.24690  2.90347  2.73739  3.18146  2.89801  2.37887  2.77519  2.98518  4.58477  3.61503
          0.00851  5.16649  5.88883  0.61958  0.77255  0.48576  0.95510
    181   3.10185  5.04602  3.70107  3.11555  4.20123  3.96946  4.13188  3.61784  2.87389  1.55196  4.13303  2.22262  4.34762  2.44369  2.45407  3.21184  3.32335  3.35680  2.31183  4.25716    250 l - - -
          2.68618  4.42225  2.77519  2.73123  3.46354  2.40513  3.72494  3.29354  2.67741  2.69355  4.24690  2.90347  2.73739  3.18146  2.89801  2.37887  2.77519  2.98518  4.58477  3.61503
          0.00851  5.16649  5.88883  0.61958  0.77255  0.48576  0.95510
    182   2.96982  5.44128  2.20002  2.66643  4.77464  2.64704  3.93746  4.25024  2.68313  3.74452  2.89511  2.29676  4.13754  3.04064  2.50286  1.70895  3.20298  3.82727  5.88844  4.48597    251 s - - -
          2.68618  4.42225  2.77519  2.73123  3.46354  2.40513  3.72494  3.29354  2.67741  2.69355  4.24690  2.90347  2.73739  3.18146  2.89801  2.37887  2.77519  2.98518  4.58477  3.61503
          0.09822  5.16649  2.43213  0.61958  0.77255  0.48576  0.95510
    183   2.25319  4.87785  3.60740  3.03883  4.06468  3.86228  2.33756  2.06593  2.93634  3.11344  3.98044  3.49975  4.25085  3.31751  1.85655  3.09699  2.39639  3.17799  5.43343  4.16743    252 r - - -
          2.68618  4.42225  2.77519  2.73123  3.46354  2.40513  3.72494  3.29354  2.67741  2.69355  4.24690  2.90347  2.73739  3.18146  2.89801  2.37887  2.77519  2.98518  4.58477  3.61503
          0.00931  5.07757  5.79992  0.61958  0.77255  0.73525  0.65275
    184   2.99531  4.48743  4.37709  2.56229  3.58078  4.09080  2.45839  1.84193  3.68205  1.53803  3.57601  4.03877  4.45736  3.92197  3.88725  3.37514  3.22742  2.09593  5.10638  3.91148    253 l - - -
          2.68618  4.42225  2.77519  2.73123  3.46354  2.40513  3.72494  3.29354  2.67741  2.69355  4.24690  2.90347  2.73739  3.18146  2.89801  2.37887  2.77519  2.98518  4.58477  3.61503
          0.06632  5.07757  2.84850  0.61958  0.77255  0.73525  0.65275
    185   2.92252  4.99396  3.37869  1.97010  4.24063  1.75729  4.02556  3.62980  2.87058  2.22055  4.11731  3.35707  4.17389  3.20964  3.31420  2.27436  3.16825  2.76198  5.56197  4.25539    254 g - - -
          2.68618  4.42225  2.77519  2.73123  3.46354  2.40513  3.72494  3.29354  2.67741  2.69355  4.24690  2.90347  2.73739  3.18146  2.89801  2.37887  2.77519  2.98518  4.58477  3.61503
          0.00985  5.02110  5.74345  0.61958  0.77255  0.85779  0.55182
    186   1.61148  5.22779  3.24534  2.71674  4.55689  3.70663  2.42448  3.99773  2.70970  3.55562  4.34245  3.24163  2.33750  2.32369  3.17412  2.93067  2.67410  3.62514  5.75196  4.39224    255 a - - -
          2.68618  4.42225  2.77519  2.73123  3.46354  2.40513  3.72494  3.29354  2.67741  2.69355  4.24690  2.90347  2.73739  3.18146  2.89801  2.37887  2.77519  2.98518  4.58477  3.61503
          0.00985  5.02110  5.74345  0.61958  0.77255  0.85779  0.55182
    187   2.90559  4.66224  3.72896  2.36255  3.80615  3.86865  4.12038  3.16882  3.12214  2.23430  3.76560  3.58443  4.25116  3.43204  3.48884  1.96518  2.18199  2.52726  2.45405  3.99983    256 s - - -
          2.68618  4.42225  2.77519  2.73123  3.46354  2.40513  3.72494  3.29354  2.67741  2.69355  4.24690  2.90347  2.73739  3.18146  2.89801  2.37887  2.77519  2.98518  4.58477  3.61503
          0.00985  5.02110  5.74345  0.61958  0.77255  0.85779  0.55182
    188   2.92506  4.32823  4.71293  4.10936  2.43652  3.07962  4.39486  1.89545  3.92855  2.51372  3.44419  4.17634  4.43936  4.09428  2.60119  3.37802  3.15728  1.71878  2.50326  3.75595    257 v - - -
          2.68618  4.42225  2.77519  2.73123  3.46354  2.40513  3.72494  3.29354  2.67741  2.69355  4.24690  2.90347  2.73739  3.18146  2.89801  2.37887  2.77519  2.98518  4.58477  3.61503
          0.00985  5.02110  5.74345  0.61958  0.77255  0.85779  0.55182
    189   1.98797  4.50821  4.36057  3.79145  2.44823  4.08968  4.39853  1.40834  3.67812  2.59983  3.58392  4.03833  4.46404  2.20247  3.89087  3.37991  3.24316  2.65824  5.11937  3.90843    258 i - - -
          2.68618  4.42225  2.77519  2.73123  3.46354  2.40513  3.72494  3.29354  2.67741  2.69355  4.24690  2.90347  2.73739  3.18146  2.89801  2.37887  2.77519  2.98518  4.58477  3.61503
          0.00985  5.02110  5.74345  0.61958  0.77255  0.85779  0.55182
    190   1.93896  5.30508  3.16885  1.91682  3.35432  2.61058  3.88452  4.07564  2.64118  3.60086  4.36582  3.16997  4.08013  2.16721  3.12657  2.27140  3.13348  3.68005  5.77088  4.38514    259 e - - -
          2.68618  4.42225  2.77519  2.73123  3.46354  2.40513  3.72494  3.29354  2.67741  2.69355  4.24690  2.90347  2.73739  3.18146  2.89801  2.37887  2.77519  2.98518  4.58477  3.61503
          0.00985  5.02110  5.74345  0.61958  0.77255  0.85779  0.55182
    191   2.89618  5.29277  2.25139  2.63212  3.35631  3.68439  3.87737  4.04923  2.13035  3.57852  4.34603  2.15406  4.07819  2.99075  2.38233  2.88119  3.12729  2.17594  5.75149  4.36987    260 k - - -
          2.68618  4.42225  2.77519  2.73123  3.46354  2.40513  3.72494  3.29354  2.67741  2.69355  4.24690  2.90347  2.73739  3.18146  2.89801  2.37887  2.77519  2.98518  4.58477  3.61503
          0.12587  5.02110  2.19220  0.61958  0.77255  0.85779  0.55182
    192   2.43984  4.53896  3.87369  3.32657  3.70093  2.18028  4.18742  1.84016  3.27336  2.10278  3.67648  2.26095  4.26788  3.56429  3.59311  3.13708  3.12207  2.78244  5.16970  3.94726    261 i - - -
          2.68618  4.42225  2.77519  2.73123  3.46354  2.40513  3.72494  3.29354  2.67741  2.69355  4.24690  2.90347  2.73739  3.18146  2.89801  2.37887  2.77519  2.98518  4.58477  3.61503
          0.01105  4.90629  5.62863  0.61958  0.77255  1.05280  0.42918
    193   2.87847  4.51292  4.26238  3.75501  3.81505  1.46726  4.46824  3.03253  3.66934  2.04792  3.80338  3.95698  4.35369  3.92920  3.90806  2.53955  3.19799  1.64208  5.31661  4.11496    262 g - - -
          2.68618  4.42225  2.77519  2.73123  3.46354  2.40513  3.72494  3.29354  2.67741  2.69355  4.24690  2.90347  2.73739  3.18146  2.89801  2.37887  2.77519  2.98518  4.58477  3.61503
          0.01105  4.90629  5.62863  0.61958  0.77255  1.05280  0.42918
    194   2.86009  2.10518  3.87287  3.31115  3.74635  2.27531  4.17624  3.10837  2.63803  2.82694  3.72292  3.66839  4.24755  3.53604  3.53387  3.10377  2.25593  2.87746  2.30760  3.97320    263 c - - -
          2.68618  4.42225  2.77519  2.73123  3.46354  2.40513  3.72494  3.29354  2.67741  2.69355  4.24690  2.90347  2.73739  3.18146  2.89801  2.37887  2.77519  2.98518  4.58477  3.61503
          0.07857  4.90629  2.68582  0.61958  0.77255  1.05280  0.42918
    195   2.88025  4.68397  2.63716  3.05798  3.79355  1.65909  4.07203  2.27927  3.06776  2.91642  3.80954  3.49257  4.19931  3.37580  3.44827  3.05893  3.12506  2.97216  2.42747  3.94741    264 g - - -
          2.68618  4.42225  2.77519  2.73123  3.46354  2.40513  3.72494  3.29354  2.67741  2.69355  4.24690  2.90347  2.73739  3.18146  2.89801  2.37887  2.77519  2.98518  4.58477  3.61503
          0.01182  4.83954  5.56188  0.61958  0.77255  1.14268  0.38414
    196   2.86570  5.06930  2.14713  2.69624  4.34828  3.66521  3.90239  3.72156  2.68355  3.35463  4.17346  3.21253  4.07718  3.05133  1.90378  2.89817  2.47356  1.96419  5.60059  4.26510    265 r - - -
          2.68618  4.42225  2.77519  2.73123  3.46354  2.40513  3.72494  3.29354  2.67741  2.69355  4.24690  2.90347  2.73739  3.18146  2.89801  2.37887  2.77519  2.98518  4.58477  3.61503
          0.01182  4.83954  5.56188  0.61958  0.77255  1.14268  0.38414
    197   1.93169  4.36069  4.47745  3.91021  2.57256  3.97994  4.39008  1.35812  3.78023  2.54874  3.50700  4.05937  4.38949  3.98777  3.93273  2.35804  3.14485  2.50362  5.03369  3.83530    266 i - - -
          2.68618  4.42225  2.77519  2.73123  3.46354  2.40513  3.72494  3.29354  2.67741  2.69355  4.24690  2.90347  2.73739  3.18146  2.89801  2.37887  2.77519  2.98518  4.58477  3.61503
          0.01182  4.83954  5.56188  0.61958  0.77255  1.14268  0.38414
    198   2.99648  4.36671  4.86775  4.26935  2.09336  2.60859  4.52681  1.58907  4.08610  1.81767  3.40186  4.31515  4.53362  4.23126  4.13435  3.50172  3.22995  1.97315  5.02362  3.84694    267 i - - -
          2.68618  4.42225  2.77519  2.73123  3.46354  2.40513  3.72494  3.29354  2.67741  2.69355  4.24690  2.90347  2.73739  3.18146  2.89801  2.37887  2.77519  2.98518  4.58477  3.61503
          0.01182  4.83954  5.56188  0.61958  0.77255  1.14268  0.38414
    199   2.83453  4.49785  3.81117  2.53594  2.00157  2.61984  4.12214  2.97737  3.21141  2.71580  3.61922  3.62986  4.22069  3.49930  3.53508  3.09364  2.24998  1.94899  5.10385  3.87910    268 v - - -
          2.68618  4.42225  2.77519  2.73123  3.46354  2.40513  3.72494  3.29354  2.67741  2.69355  4.24690  2.90347  2.73739  3.18146  2.89801  2.37887  2.77519  2.98518  4.58477  3.61503
          0.01182  4.83954  5.56188  0.61958  0.77255  1.14268  0.38414
    200   2.83810  5.11217  3.15968  1.92180  4.42835  2.48951  3.87906  3.86122  2.66552  2.64513  4.23069  3.16788  4.04480  3.01447  3.13757  1.82522  2.36075  3.50037  5.64906  4.29373    269 s - - -
          2.68618  4.42225  2.77519  2.73123  3.46354  2.40513  3.72494  3.29354  2.67741  2.69355  4.24690  2.90347  2.73739  3.18146  2.89801  2.37887  2.77519  2.98518  4.58477  3.61503
          0.01182  4.83954  5.56188  0.61958  0.77255  1.14268  0.38414
    201   2.94582  4.34187  4.70608  4.11402  1.82825  4.08952  4.33820  2.71858  3.93865  1.71905  3.39948  4.17447  2.67423  4.09013  4.00759  3.39593  3.17721  1.94042  4.82753  2.59886    270 l - - -
          2.68618  4.42225  2.77519  2.73123  3.46354  2.40513  3.72494  3.29354  2.67741  2.69355  4.24690  2.90347  2.73739  3.18146  2.89801  2.37887  2.77519  2.98518  4.58477  3.61503
          0.01182  4.83954  5.56188  0.61958  0.77255  1.14268  0.38414
    202   2.89507  4.57662  3.81700  3.25196  2.39567  2.76669  4.07318  3.06842  1.86813  2.15868  3.68016  3.62972  4.25353  3.48196  3.49921  3.13074  3.12604  2.85187  5.00100  2.23152    271 k - - -
          2.68608  4.41618  2.77818  2.73089  3.46309  2.40615  3.71800  3.29677  2.68009  2.68931  4.24351  2.90593  2.73760  3.18200  2.89521  2.37917  2.77759  2.98218  4.58143  3.61615
          0.74973  0.63959        *  3.07321  0.04738  0.00000        *
//
